0.087065
0.465216
0.122248
0.112548
0.046251
0.810878
0.546480
0.131833
0.640472
0.295322
0.369703
0.231915
0.504224
0.333349
0.024474
0.043763
0.226505
0.166133
0.977366
0.249639
2.058278
0.707580
0.993043
0.108968
0.926778
0.456966
1.020917
1.109082
0.000538
0.761041
0.333806
0.087705
0.244989
0.608645
0.225060
0.322858
0.353032
0.013801
0.614617
0.129802
0.320519
0.130738
0.457860
0.057408
0.630598
0.521411
0.106767
0.042220
1.331381
0.026001
0.321231
1.226379
0.824573
0.205319
0.058136
0.526495
1.373099
1.955436
0.390769
1.381550
0.717155
0.014903
0.051455
0.080719
0.660880
0.308315
0.490139
0.137055
0.334193
0.201940
0.315926
1.618516
0.413182
0.035300
0.035850
0.163591
0.628874
0.151544
0.223160
0.519160
0.187084
0.897962
0.410372
0.063874
0.093646
0.553821
0.737086
0.056376
0.524397
0.187951
0.022254
0.264970
0.209804
0.076182
0.410991
0.039538
0.460103
0.102427
0.189739
0.046622
0.364397
0.766644
0.025514
0.041621
0.956421
0.063314
0.222300
0.419719
0.239343
0.634595
0.120398
0.589709
0.402561
0.743374
0.836900
0.643252
0.293095
0.437933
0.887135
0.048915
1.135683
1.035438
0.351150
0.136906
0.007683
0.033602
0.189573
0.479614
0.143994
0.498935
0.611815
0.729946
0.268509
0.704448
0.940657
0.155886
1.037825
0.115670
0.903634
0.147138
1.298278
0.025592
1.473192
0.325462
0.868038
0.713428
0.112950
0.155541
0.210368
0.016569
0.223567
0.137393
1.185001
1.001602
0.326761
1.274037
1.330299
0.793215
0.386723
0.099422
0.278157
0.140134
1.478844
0.923191
0.000003
0.794013
0.058292
1.037850
0.001102
1.458853
0.069321
1.313266
2.740927
0.040026
0.260529
0.856366
0.906599
0.468642
0.045495
0.099411
0.512084
0.296664
0.272855
0.396400
0.187429
1.153095
0.316677
0.139002
0.594879
0.003901
0.274982
0.065274
0.145304
0.231884
1.670227
0.145308
0.091218
0.038777
0.067754
0.092540
0.010390
0.147984
0.050814
0.008270
0.202572
0.349323
0.904042
0.093158
0.058858
1.282009
0.215617
0.697074
0.231431
0.736718
0.177895
0.574636
0.556188
0.731743
1.300759
0.228585
0.748822
0.214521
0.336000
0.014475
0.636408
0.302470
0.164760
1.088944
0.375936
0.261669
0.028646
0.398235
0.544800
0.082623
0.416764
2.867411
0.532188
0.256680
0.091215
0.726449
0.196169
0.363921
0.364972
0.593794
0.169777
0.850350
0.237550
1.598749
0.440964
0.181214
0.197310
0.224991
0.529048
0.844721
0.247882
0.233278
0.156856
0.556800
0.150256
0.799217
0.041194
0.189346
0.212989
0.678823
0.315142
1.217238
0.672582
0.065405
0.188348
1.183614
1.097872
0.508607
0.275225
0.261102
0.202815
0.621049
0.126951
0.621739
0.554874
0.831021
0.007880
2.816395
0.094739
0.552095
0.835122
0.414487
0.021121
0.042272
0.134024
0.178998
1.055391
0.188595
0.478775
0.127915
0.029317
0.043721
0.074298
0.795926
0.115552
0.300702
0.606526
0.049947
0.047352
0.067349
0.348433
0.275651
0.907749
0.647476
0.072756
0.354233
0.384300
0.081882
0.350612
0.617124
0.856230
0.189768
0.159036
0.986431
0.252829
0.354210
0.088289
0.161308
0.862403
0.752617
0.348050
1.054914
0.989388
0.510211
0.562262
0.035267
0.047989
0.237331
0.089069
0.100368
0.350515
0.546855
0.465287
0.208644
0.248065
0.675645
0.944477
1.311774
1.113515
0.217544
0.505853
0.621930
0.552236
1.197632
0.425102
0.033875
0.269295
0.663143
0.208708
0.136050
0.359308
0.924889
0.062194
0.234470
0.329165
0.785485
0.292092
0.426424
0.093202
0.465210
0.704624
0.560408
0.157794
0.224196
0.007636
0.541995
0.054038
0.997276
0.444839
2.609887
0.122131
0.127842
0.612636
1.082858
0.072204
0.163554
1.506312
0.400249
0.006813
0.172720
0.778226
0.373386
0.072408
1.182659
1.153501
0.479996
0.599057
0.209944
0.105919
1.013606
1.483006
1.464764
0.390754
0.123674
0.184029
0.407589
1.063849
0.264124
0.273542
0.317534
0.259559
0.508170
0.594895
0.058985
0.370555
0.886507
0.247370
0.321467
0.239885
0.258593
0.726952
0.093280
1.328986
1.157139
0.039669
0.887010
0.365182
0.744738
0.095115
0.617510
0.514739
0.064896
0.533192
0.102340
0.208405
1.657592
0.678428
0.125349
0.234231
0.089501
0.588574
0.754775
0.809692
0.245151
1.104854
0.196814
0.122783
0.164626
0.803839
0.456663
0.576548
0.417346
0.732678
0.476285
0.314761
0.933057
0.294035
2.114075
0.483510
0.480949
0.593053
0.152307
0.672682
0.215654
0.296817
0.041913
0.188449
0.105493
0.179877
0.582455
0.218564
2.557600
0.314655
0.084855
0.240272
0.221044
0.328393
0.457260
0.507842
0.165039
0.110388
0.194442
0.939065
1.707253
1.377881
0.188642
0.836678
0.239859
0.178122
0.282966
3.394773
2.582843
0.593330
0.670526
0.211279
0.076835
0.854184
0.537417
0.202227
0.064480
0.212856
0.580409
0.061076
0.840293
0.925312
0.343125
0.093793
0.196037
0.050369
0.827449
0.465041
0.174023
0.070250
0.301290
0.151256
0.034951
0.728103
0.038130
0.297608
0.034450
0.352198
0.296589
0.031401
0.111793
0.102812
0.260020
0.209883
0.002356
0.033149
0.562671
0.067160
0.264532
0.224888
0.137664
0.127174
0.114763
0.668210
0.251777
0.376911
0.895017
0.114398
0.072463
0.067898
0.204425
0.442781
0.245527
0.258004
0.218786
0.309431
0.954118
0.273208
1.706179
0.177688
0.328745
0.091596
0.331747
1.091744
0.356869
0.336330
1.513099
0.102682
0.477700
0.224978
0.396901
0.969033
0.442060
0.699118
0.449758
2.024019
0.165924
0.277806
0.103545
0.270057
0.402886
0.369741
0.002423
1.417460
1.300089
0.222545
0.257685
0.751184
0.757546
0.230825
0.039785
0.151947
0.385174
0.412127
0.080915
0.024247
0.026220
0.053188
0.132625
0.548952
0.311118
0.759031
0.369542
0.025741
0.381604
0.061469
0.016635
0.847048
0.390400
0.124087
0.132994
0.050031
0.678202
0.136159
0.018589
0.551542
0.455181
0.289209
0.294891
0.237274
0.827669
0.369113
0.510680
0.212416
0.043584
0.778680
0.249991
0.072262
1.104649
0.492344
0.807218
0.218075
0.261540
0.195372
0.258472
1.416293
0.289131
0.286690
0.708117
1.984012
0.533787
2.351202
0.039688
0.254225
0.130237
0.059844
0.034529
0.877045
0.401502
0.359006
0.114561
0.223918
0.017461
0.931081
0.613981
0.062666
0.502523
0.052996
0.145418
0.371373
0.649165
0.027418
1.050534
0.072121
0.236448
0.165179
0.039230
0.846230
0.632421
0.894386
0.797331
0.234103
0.867958
1.033088
0.740189
0.027268
2.139148
0.913721
1.060176
0.386260
0.216512
0.044295
1.147026
0.243696
1.325667
0.466025
0.350155
0.414386
0.613489
0.705153
0.045844
0.284435
0.828503
1.680272
0.419846
0.102957
0.141591
0.515875
0.001016
1.666773
0.323563
0.802357
0.206402
0.178490
0.557956
0.058636
0.217927
0.537230
1.496190
0.132829
0.109495
0.179258
0.191420
0.050359
0.580872
0.142191
0.605443
0.105749
0.832836
0.262876
1.464604
1.144074
0.924879
0.704989
0.996924
0.264564
1.423206
0.058518
0.028020
1.441004
0.038862
0.378523
0.679400
0.266356
0.889410
0.268426
0.370796
0.101947
0.038404
0.320731
0.270428
0.157768
0.745304
0.665578
0.228181
0.309785
2.047655
0.035470
0.528429
0.790634
0.324442
0.456915
0.590180
0.192902
0.219149
0.406710
0.656480
0.176067
0.549969
0.769667
0.137739
0.677181
0.190210
2.062068
0.084137
0.079843
0.254778
0.567414
0.201763
0.320439
0.082437
0.692727
0.680844
1.307036
0.332394
0.058372
0.245993
0.316466
0.098415
0.020955
0.152755
0.533616
0.510906
1.562746
1.867709
2.641596
0.359485
0.613987
0.172470
0.099136
0.339218
0.380209
1.273873
0.827784
0.363199
0.039857
1.568709
1.236029
0.703538
0.170292
0.246132
1.188340
0.019596
0.071088
0.897601
0.371224
0.139010
0.125833
2.482345
0.273561
0.152949
0.148041
0.040295
1.169603
0.119356
0.027526
1.143945
0.645680
0.714975
0.105519
1.176714
0.146026
0.641483
0.876364
0.032155
0.136652
1.168167
0.009536
0.084048
0.537146
0.183750
0.392068
0.416897
0.212302
0.563532
0.255003
1.020203
1.255020
0.486434
0.994047
0.207850
1.083769
0.063529
0.270256
0.778273
0.201490
0.318492
0.581826
0.029227
0.131849
1.051514
1.631612
0.331856
0.459021
0.776610
0.396318
0.915785
0.588427
0.417634
2.607458
0.215556
1.034857
0.386150
1.237371
0.124070
0.120442
0.189404
0.047031
0.071244
1.384905
1.526865
0.320206
0.865427
0.037434
1.105803
0.473380
0.258597
0.224388
0.178095
0.308636
0.449944
0.097748
0.274369
0.040849
0.753157
0.118340
0.491481
0.481314
1.164000
0.106622
0.474249
0.145660
0.034042
0.081688
0.092285
0.168134
0.226905
0.330690
0.235275
0.344178
0.273388
0.198867
1.762086
0.139893
0.255657
0.986638
0.969174
0.815081
0.125894
0.084635
0.153731
0.846341
0.202702
0.580793
1.124161
0.059148
1.140249
0.367217
0.654073
0.805410
0.622855
0.209546
0.027228
0.752725
0.339706
0.125217
0.032883
0.975547
0.611066
0.289011
0.219625
0.067673
0.728684
0.197266
0.231526
0.091628
0.103514
0.128543
1.779759
0.263471
0.240972
0.134748
0.127812
0.628881
1.283579
0.063912
0.878036
0.860222
0.511123
0.407045
0.485492
0.217301
1.147876
0.560872
0.069953
0.249119
1.130845
0.107967
0.144028
0.459678
0.501474
0.465399
0.650629
0.255709
1.342400
0.051821
0.419434
0.063217
0.196633
0.387557
0.375771
0.614762
0.747128
0.701067
0.275198
0.600042
1.035420
0.144212
0.366823
0.360911
0.823866
0.076071
1.007247
0.613499
0.844843
2.934129
0.052252
0.621094
0.106215
0.215014
0.187327
0.870306
1.553561
0.020559
0.127409
1.090342
0.074677
0.786899
0.002910
0.311704
0.201802
0.381962
0.094041
0.056963
0.169905
0.451604
0.821258
0.088377
0.933100
0.197524
0.563735
0.528932
0.315073
0.391274
0.222856
0.166276
0.388191
0.307039
2.571239
0.657109
0.826094
0.183096
0.405856
0.721200
0.213023
0.758988
0.525878
0.332424
0.426175
0.534255
1.493225
1.180532
0.105759
0.064478
0.006723
0.325752
0.628898
0.857021
0.511873
0.411639
0.079038
0.190558
0.120280
0.475572
0.981851
0.426008
1.134622
0.255075
0.016420
1.107134
0.070154
0.918406
0.109947
0.580477
0.463569
0.392971
0.315235
0.147180
0.015208
0.021061
1.212216
1.943462
1.468040
0.053858
0.052946
1.612988
0.434770
0.846951
0.757397
0.125263
0.236772
1.304298
0.386649
0.447047
0.388333
0.253893
0.089843
0.286948
0.799169
0.109559
0.198332
1.320275
0.019084
0.372048
0.477894
0.513283
0.035826
0.043405
1.135332
0.052183
0.066420
0.825724
0.040928
0.036997
1.205893
0.098661
0.016058
0.337851
2.677284
0.834997
0.623807
0.232992
0.669923
0.144723
1.655278
0.162988
0.524190
0.068467
0.627371
0.296436
0.196332
0.021605
0.235755
0.224860
0.418655
2.379825
0.001983
0.505675
0.038754
1.154880
0.664723
0.110932
0.617118
0.840928
0.157560
0.482856
2.484206
0.179699
0.058542
2.224909
0.060325
0.866650
0.223770
0.954494
0.038776
0.196007
0.069601
0.643887
0.300993
0.931514
0.093996
0.750341
1.090577
0.396284
0.074956
0.302766
0.386908
0.077260
0.047424
0.475093
0.022441
0.873960
0.836473
0.698844
0.510598
0.043109
0.232703
0.501035
0.242667
0.329478
0.485375
0.344742
0.182576
2.008756
0.215341
0.239446
0.182864
0.326850
0.055268
0.710619
0.196284
0.161499
0.383512
0.118982
0.866774
0.561693
0.548284
0.224782
0.851866
0.706262
1.853003
0.989839
0.436540
0.774951
0.476890
0.125625
1.021407
2.165231
0.965696
0.147082
0.316918
0.323375
0.699204
0.746621
0.306482
0.054319
0.084734
0.723160
0.437126
0.150913
0.370277
1.190307
0.384537
0.030277
0.063505
0.223067
0.661341
0.769162
0.640059
0.401009
0.390150
0.597705
0.266760
0.066233
0.331941
0.014293
0.212508
0.219631
0.007567
0.112381
0.471232
0.331278
0.565902
0.225763
0.150434
0.072979
0.313950
0.268681
1.153149
0.025181
0.563884
0.275408
1.568890
0.119638
0.329158
0.039465
0.425140
0.121582
0.987199
0.174566
0.729293
0.257824
2.421708
0.099774
0.374282
0.324346
0.117279
1.032552
0.894159
0.126866
0.038705
0.292678
0.616476
0.697239
0.821073
1.727199
1.093930
0.159225
0.242340
0.776090
0.194185
0.031124
0.118960
0.163184
0.159520
0.592106
0.218753
0.934942
1.203253
0.121361
0.075736
0.565524
0.481688
0.071173
0.976682
0.078533
0.470740
0.034827
0.009360
0.292333
0.172221
0.048826
1.084906
4.983985
0.932402
0.589212
1.726457
0.660098
1.675648
0.217281
0.368164
0.168997
0.266197
0.660002
0.416504
0.579112
0.278328
1.260470
0.379446
0.205300
0.072586
0.557941
0.007077
0.700246
0.817512
1.028869
1.145705
0.268074
1.402896
1.247012
0.974946
0.131284
0.005257
0.680336
0.131253
0.967349
0.286127
0.111088
0.443911
0.256004
0.401121
0.058031
0.581590
1.668840
0.923991
0.145691
0.525537
0.156892
0.094604
0.100601
0.465793
0.183732
0.964226
0.483957
0.031489
0.538934
0.339014
1.608351
0.038809
0.282750
1.049153
1.347016
0.543613
1.093712
0.563357
1.120877
0.679976
0.059196
0.048781
0.201566
0.359090
0.517300
0.291121
0.111491
0.469667
0.166898
0.301324
0.150248
0.402737
0.490449
0.291521
0.086698
1.348094
0.175793
0.755524
2.523732
1.563020
0.158524
1.534015
0.015637
0.608070
0.888406
1.650890
0.228230
0.634021
0.509558
0.150692
0.309897
0.694625
0.217828
0.789261
0.152651
3.057558
0.133989
0.310850
0.466849
0.365815
1.236152
1.006648
0.037362
0.388955
0.184269
0.131459
0.320442
0.464035
0.005286
0.314380
0.411392
0.165797
0.272566
0.447733
2.129015
0.144547
0.404577
0.217185
1.747907
0.107744
0.474063
0.282483
1.446492
1.686206
0.127666
0.116400
1.655002
0.308478
0.555330
0.422435
1.938616
0.441269
0.287095
0.026327
0.067855
0.683429
0.165982
0.458241
0.215220
0.173366
0.034581
1.207151
0.428099
0.333797
0.348731
0.411715
0.669928
0.029301
1.223250
0.615146
0.144355
0.373208
0.075070
0.108680
0.338273
0.226871
0.257959
0.303590
0.871971
0.038282
0.012916
0.816000
0.539367
0.310265
0.968117
0.772945
0.116240
0.074390
0.244658
0.407331
0.282154
0.302365
0.315351
0.003247
1.413727
1.752195
0.419142
0.568084
0.013610
0.327880
0.244488
0.162604
0.003457
0.373442
0.320261
0.345096
1.107805
1.043860
1.535603
0.629537
1.495240
1.934867
0.367553
0.470434
0.291229
0.236042
0.252578
0.523356
0.361329
0.765182
0.115412
1.457408
0.135459
0.560280
1.520974
0.098104
0.516185
0.366783
0.972844
0.555380
0.000380
0.139762
1.481292
0.003839
0.734873
0.273483
0.352781
0.540773
0.176433
0.307911
0.236614
0.141888
0.288963
1.139225
0.971672
1.061868
0.160003
0.146089
0.376795
0.776519
0.018803
0.664858
0.662471
0.160260
0.263266
0.579882
0.301093
0.027328
0.115491
0.185168
0.643460
0.115969
0.402996
0.557668
0.120815
0.195316
0.049078
0.637954
2.077071
0.247821
0.099607
0.224170
0.507897
0.483221
0.149790
0.341263
0.346555
0.380420
0.689215
0.014873
0.193657
0.768405
0.723563
0.028446
0.030493
0.095644
0.676900
0.358259
0.128928
1.478157
0.860320
1.509748
0.084206
0.234525
0.488245
0.230739
0.598292
0.630910
0.047414
0.572971
0.056966
0.158108
0.022179
0.684360
1.106660
0.179954
0.137369
0.247677
0.900859
2.222151
0.272322
0.084864
0.741818
0.102104
0.118754
0.892943
0.222216
1.530431
0.210722
0.441073
1.157037
0.090132
0.385317
0.028887
0.387562
0.087563
0.277377
0.135333
1.049867
0.363101
1.257918
2.106331
0.774065
1.642958
0.656077
0.566629
0.153842
1.770046
0.035567
0.052590
1.600077
0.335315
0.147819
0.659192
0.559387
0.314949
0.415957
0.016330
0.272800
1.196724
0.481479
0.194045
0.038244
0.084516
0.237236
0.474651
0.190021
0.813730
0.948953
0.107636
0.192706
0.733368
0.098538
0.056688
0.658228
1.201932
0.769030
2.867475
1.062727
0.961611
0.050798
0.915870
0.209639
0.217357
0.424664
0.007962
0.857132
0.073718
0.024559
0.137488
0.023424
0.548559
0.412835
0.063578
0.862105
1.405410
0.659117
0.074165
0.680151
0.436748
0.201383
0.032668
0.216804
0.357086
0.093425
0.043733
0.272393
1.557640
0.041973
0.178806
0.829048
0.097475
0.075714
0.082424
0.377166
0.623821
0.091826
0.215068
0.948231
0.121485
0.445785
1.130094
1.068000
0.082465
0.007594
0.607955
0.048196
0.688103
0.920726
0.901839
0.200221
0.094942
1.144117
0.572552
0.574974
0.035740
0.725275
0.054562
0.012464
0.935652
0.258789
0.898240
0.011738
0.393244
2.137756
0.402461
0.148784
0.083541
1.163727
0.056740
0.230681
0.339075
0.001476
0.144808
0.517104
0.009092
1.550646
0.666630
0.725119
0.795853
0.423956
0.050165
1.742828
0.317671
0.750899
0.528802
0.387430
0.391349
0.705488
0.414886
0.246253
0.087255
0.253724
0.265607
0.609866
0.242307
1.676006
1.635981
0.386025
1.010369
0.035934
1.190331
0.223056
0.037520
0.086558
0.002195
0.047328
0.060502
0.675006
0.968277
1.206150
0.187314
1.510643
1.059122
0.763239
0.651956
0.380147
0.194254
0.158289
0.170236
1.084830
0.539799
0.297736
0.166865
0.037565
0.083257
0.551036
0.019039
0.061342
0.115180
1.175917
0.102163
0.060104
0.153734
0.148595
0.158881
0.156720
0.213405
0.244037
0.004942
0.113583
0.175903
0.194518
0.083898
0.096999
0.055460
1.072814
0.616893
0.278367
0.083835
2.971799
0.187497
0.842715
0.295363
0.453739
1.090237
0.457476
0.153451
1.290985
0.627493
0.317468
0.883574
1.149912
0.437687
0.049288
0.085288
0.967299
0.225450
0.350824
0.138345
0.233230
0.614551
0.386414
0.593839
0.989954
0.626994
0.804874
0.683096
0.275344
0.128728
1.147758
0.273075
0.387928
0.625752
1.008327
0.073178
0.459319
0.314020
0.255769
0.372550
0.100009
1.021874
0.218860
0.042239
0.302341
0.297436
0.135792
0.185003
0.833833
0.677517
0.400344
0.101728
0.298470
0.046757
1.056669
0.186565
0.814589
0.568512
0.028999
0.128969
1.183361
1.557688
0.522319
0.295208
0.553671
0.361886
0.436200
0.157699
1.993486
2.022212
0.794363
0.088803
0.958450
0.081441
0.139682
0.183139
0.456492
0.328470
0.478503
0.263806
0.126560
0.091324
0.450803
0.559099
0.148000
0.320513
2.085272
0.031002
0.082718
0.020882
0.169472
0.030241
2.833521
1.371775
0.351187
0.548465
0.299591
0.045315
1.379202
0.282978
0.035815
0.659171
0.451825
1.275927
1.071635
0.912081
0.129873
0.328315
0.192987
0.931234
1.110007
0.392453
0.005859
0.332256
0.122292
0.155893
1.593736
0.112526
0.198736
0.058942
0.138819
0.477855
0.093098
0.136542
0.400499
0.561168
1.177345
0.000930
0.715911
0.921582
0.284617
0.886720
0.426782
0.014690
0.697798
0.305171
1.010963
1.983427
1.392245
0.104011
0.873713
0.884897
0.657730
0.908316
0.189246
1.484238
0.055627
0.159986
0.081344
0.283938
0.243092
0.249262
0.024980
0.404752
0.499218
0.457961
0.130295
0.384606
0.460288
2.329806
0.237654
0.018203
0.859575
1.522585
0.033446
0.425599
0.263179
1.346364
0.403902
0.213462
0.063982
0.238971
0.097471
0.954476
0.122547
0.338859
0.805677
0.194790
0.726337
1.503162
0.705151
0.081900
0.210112
0.816516
0.612103
1.837391
0.259190
1.369867
0.357969
0.003123
1.301455
1.101700
0.021442
0.686638
0.922532
0.056406
0.192699
0.144663
0.019883
1.035673
0.456545
0.086642
0.146465
0.747689
0.005463
0.318662
0.156029
0.833662
0.789825
0.017357
0.717270
0.399124
0.102410
0.055396
0.218901
1.109190
0.041430
0.711609
0.876156
0.446760
0.724700
0.698313
0.327310
0.823223
0.345868
0.194559
1.226404
0.854944
0.426161
1.528105
0.590613
0.094549
0.059412
1.468950
1.479518
0.065568
0.270916
0.121796
1.360184
0.119300
0.144048
0.595240
0.718066
0.285922
0.806723
0.062046
0.197805
1.061469
1.042785
0.083239
0.318485
0.512290
1.181844
1.512769
0.297393
0.259782
0.159974
0.224918
0.127017
0.939935
0.189315
1.247068
0.009941
0.278642
0.999227
1.718144
0.399407
0.166182
0.101676
0.331103
0.341642
0.284863
0.099355
0.148663
1.019476
1.981977
0.234122
0.109430
0.987839
0.143616
0.215333
0.202063
1.106900
0.147757
0.166974
0.207027
0.540983
0.407909
0.604160
1.083180
0.259691
0.008320
0.811866
0.276516
0.293260
0.550248
0.249295
2.547937
1.498537
0.429745
0.325202
0.294494
0.005501
0.537025
0.605850
1.063376
0.509979
0.039634
0.040248
0.347296
0.197167
0.278666
0.895369
0.122047
0.574609
0.062256
0.405539
0.210940
0.561648
0.148477
0.130418
0.041640
0.159707
0.016485
0.351299
0.631446
0.601529
1.138053
0.620739
0.524615
0.321169
0.104872
0.049857
0.331678
0.940579
0.797799
0.227582
0.333717
1.033444
0.292593
2.199027
0.111130
1.021121
0.859798
0.268823
0.403022
1.389774
1.778919
1.139266
0.474313
0.129659
0.068001
0.589857
0.348424
0.086933
0.109910
0.123598
0.980619
0.049719
1.330032
0.355766
0.420351
0.063499
0.463186
0.027478
1.703384
0.256435
0.271613
0.302411
0.160548
0.990708
0.291274
0.321168
0.659110
0.152169
1.102806
0.168273
0.111773
0.987780
0.101262
0.838455
0.047012
0.185888
0.352289
0.447737
0.317516
0.607045
0.831943
0.199790
0.798937
0.674798
0.911645
0.228063
0.982771
0.292163
0.272138
0.876573
0.928128
0.912763
0.164669
0.063002
0.603645
0.640296
0.448645
0.284035
2.083961
0.329029
0.634965
0.102184
0.210386
1.163857
3.079812
0.283873
0.119746
0.350156
0.012549
0.574513
0.115707
0.902068
0.006266
0.002136
0.429056
0.951768
0.231438
0.286314
0.173700
0.780963
0.152401
0.073799
0.495959
0.391897
0.147595
0.200335
0.154254
0.941732
0.720926
0.143823
0.200300
0.329527
0.285297
0.559727
0.243181
0.283431
0.056439
0.455793
1.376529
0.070509
0.165064
0.077075
1.704252
0.173802
0.079568
0.391479
0.078082
0.364542
1.929383
0.288179
0.184025
0.138296
0.428163
1.382732
0.768481
0.888605
0.155429
0.025870
0.567890
0.015587
0.178621
0.004475
0.360107
0.664404
0.573564
1.143812
0.091904
0.778407
0.343191
0.055004
1.267381
0.752033
0.141865
1.092974
0.037037
0.250561
0.281565
0.121659
1.214070
0.263378
0.530712
0.124049
0.526512
0.130240
0.085258
0.286426
0.031049
0.275782
0.333262
0.671688
0.303158
0.773011
0.689058
1.720946
0.369191
0.281410
1.006784
0.585621
0.123970
0.225567
0.790403
0.075593
0.075918
0.021047
0.014170
0.119298
0.285792
0.306723
0.279523
0.213219
1.012478
0.042933
0.418377
0.366068
0.186693
0.643055
1.552819
0.232456
0.079855
0.291441
0.058742
0.460969
0.129787
0.978766
0.422274
0.694615
0.170677
0.287004
0.290580
0.355438
0.804299
0.133902
0.523625
1.412592
0.161594
0.565114
0.083009
0.621585
0.072836
0.435199
0.030247
0.001782
0.544575
0.491198
0.369781
1.846408
0.214810
0.324930
0.213018
0.343435
1.260337
0.306017
0.052183
0.080210
0.190299
0.553353
1.146052
0.465372
0.056075
0.207529
0.060816
1.181819
0.427409
0.721168
0.937434
0.951239
0.290504
3.905083
0.413149
0.429275
0.434715
0.485154
0.433491
0.140060
0.141593
0.054048
0.123850
0.453002
0.434156
0.417716
0.048650
0.346509
0.012180
0.106486
0.522273
0.208222
0.987268
0.396037
1.462662
1.709653
1.089267
0.031405
1.032523
0.309421
0.870069
0.636148
0.187153
0.154058
0.635425
1.037991
0.920662
0.178492
0.342194
0.273377
0.393205
0.677828
0.370784
0.721810
0.206310
0.054893
0.200419
0.281763
0.463056
0.218716
0.487255
0.145215
0.593590
0.330628
0.802606
0.512596
0.299885
0.579095
0.605585
0.195966
0.079719
0.373966
0.022531
0.307733
0.784687
0.720838
0.203367
0.501493
0.032902
0.885329
0.027963
0.468513
0.424317
0.431405
0.232717
1.204453
0.572851
0.605966
0.208431
0.168372
0.029178
1.655374
0.386059
0.696367
0.296477
0.205580
0.249512
1.143209
0.011668
0.049926
0.125913
0.093432
0.486013
0.155088
0.497200
0.266799
0.015307
1.665359
0.023926
0.049267
0.789967
0.053302
0.605405
0.227863
0.568380
0.038538
0.161550
0.224037
0.749305
0.479843
0.520717
0.895614
0.434343
0.102295
0.439557
0.014100
0.369217
1.902193
1.303037
0.393952
0.037769
0.080552
0.628768
0.592805
0.268480
0.212095
0.057116
0.294960
0.185483
0.084017
0.387683
0.054877
0.147718
0.138212
0.317398
1.366196
0.189672
0.685318
0.175545
0.048393
0.225525
1.433502
1.298442
1.437104
0.068568
0.357026
1.776217
0.525321
0.334785
1.139051
0.108761
0.411431
0.023712
1.210327
0.147365
0.309758
0.148420
0.225663
1.189862
0.418244
0.364794
0.296098
0.555416
0.742915
0.583014
0.075802
0.616567
0.002048
1.088974
0.002356
0.050650
0.143686
1.476649
0.011037
0.107406
0.039512
0.379832
0.089954
0.647804
0.010228
0.032095
1.273981
0.435032
0.057420
0.894568
0.904992
0.422318
0.047008
0.111297
0.324766
0.534288
0.631955
1.292467
0.198167
0.337790
0.474661
0.315452
0.111422
0.479971
0.218954
0.114369
0.624874
0.463655
0.082611
0.664495
0.798977
0.129565
0.155600
1.639608
1.545526
0.169614
0.012411
1.044968
1.015347
0.071362
0.617561
0.610557
0.607506
0.802059
1.175149
0.099838
0.303885
0.486579
0.055803
0.763132
0.060097
0.633987
0.144203
0.187719
0.204498
0.464635
0.364361
0.025177
0.117571
0.553983
0.767077
0.003629
1.141621
0.026592
1.746226
0.957278
0.207360
2.565527
0.652630
0.116742
0.067965
0.288214
1.222816
0.887126
0.135269
0.851841
0.005729
0.589588
0.289998
0.062213
0.322294
0.402991
0.902712
0.646702
1.006313
0.093936
0.200853
0.242122
0.124478
0.388661
0.027549
0.002379
0.396590
1.514686
0.029101
0.364045
0.815450
0.252104
0.357962
0.380868
0.463481
0.508548
1.774437
0.364464
0.316258
0.116770
0.204407
0.327098
1.155019
0.747300
0.454578
0.235694
0.199503
0.283461
0.053530
0.108690
0.463183
0.283127
0.432814
0.869760
1.800732
0.500951
0.883464
0.367310
0.439105
1.084395
0.019101
0.246101
0.165434
0.397858
1.274660
1.085540
0.103573
1.117969
0.258355
0.533331
0.053449
0.671774
0.073082
0.001064
0.361539
0.660478
0.237399
0.928169
0.090672
0.326500
0.019959
0.734535
1.214470
0.481618
0.451017
1.079615
0.144618
0.275302
0.259512
0.902842
0.184868
0.292040
0.127033
0.446755
2.362143
0.079043
0.323828
0.098142
0.020063
1.061168
0.898082
0.075827
0.482911
1.754110
0.077066
0.071978
0.607297
0.367850
1.904497
1.016358
0.000174
0.008553
0.509274
1.216450
0.504347
0.132724
0.796793
1.087842
0.534337
0.112637
0.640261
1.685136
0.516530
1.463723
0.406419
0.504212
0.048636
0.016846
0.839469
0.070795
1.223112
0.521343
0.159234
0.380403
0.480570
0.268567
0.549481
0.193356
1.377640
0.517274
0.105196
1.380386
0.541725
0.881922
0.945156
0.176113
0.031871
0.518918
0.101272
0.633437
0.940237
1.179348
0.575862
0.338210
0.955012
0.137423
0.067780
1.446709
0.159719
1.408376
0.039866
0.103403
0.442994
0.214910
0.635650
0.114856
0.723984
0.244138
0.373222
0.604261
0.015709
0.628834
0.508219
0.589646
0.392959
0.333831
2.272644
0.465768
0.071285
0.094813
0.196033
1.964978
0.040707
0.004142
0.319255
1.330427
0.142883
0.456515
1.038622
0.369077
0.387063
1.511665
0.616919
0.067674
0.178863
0.279623
0.201602
0.033972
0.842828
0.975172
0.728464
0.934126
0.426023
0.259738
0.386214
0.062644
1.114025
0.374851
0.643332
0.012728
0.602361
0.024674
0.002753
0.753471
0.029026
0.324481
0.616400
0.181893
0.039579
0.437634
0.877129
0.477255
0.382440
0.383711
0.676598
0.901954
1.664238
0.038123
1.156488
0.754410
1.338177
0.551435
0.489663
0.351241
0.038036
0.088695
0.486964
1.683581
0.585655
0.212487
2.336061
0.247365
0.250737
2.778287
0.092369
0.299612
0.320799
1.048607
0.704726
0.398871
0.308511
0.436960
0.089955
2.655404
0.063053
1.183514
0.887179
0.043123
1.947400
0.657343
0.988301
1.208656
0.255017
0.332666
0.268486
0.320064
0.522691
0.019312
0.288383
0.206609
0.242336
0.280127
0.652349
0.753585
0.276757
1.138570
0.130180
1.144457
0.744994
2.098155
0.297356
0.133989
0.419244
0.474579
0.130772
0.579365
0.366125
0.031228
0.732121
0.345401
0.785079
0.497406
0.263533
0.106295
0.061708
0.871913
0.545750
0.723122
0.994025
0.054113
0.054366
0.141937
0.379122
0.891225
0.012968
1.568480
0.653183
0.147070
0.966232
0.350410
0.137072
0.180835
0.671423
0.823605
1.240977
1.737474
0.340144
0.285991
0.015015
0.152092
1.362248
0.861780
1.115052
0.210863
0.006584
0.004312
0.092705
0.565625
0.741697
0.016403
0.756941
1.044392
0.163844
0.186589
0.615393
0.181932
0.156017
0.287357
0.410312
0.065768
1.414741
0.803772
0.278207
0.569490
0.467017
0.210157
0.523330
0.052993
0.754240
0.567338
0.225366
0.624441
0.346618
0.147401
0.029483
0.359876
0.153200
0.128413
0.105667
0.018873
0.149723
1.760716
1.222100
0.386294
0.165574
0.485296
0.926388
0.399191
0.030021
0.257954
0.559197
3.586060
0.113239
0.052644
0.568293
0.829570
0.292680
0.198733
1.205424
0.125417
0.003237
0.159483
1.366862
0.353113
0.375835
2.432225
0.009909
0.785902
0.123450
0.117937
0.884135
0.324615
0.099569
0.678516
0.007931
0.310380
0.226057
0.979266
0.006243
0.274085
0.151890
0.578550
0.273422
0.312408
0.769812
0.052854
0.160335
0.129795
0.279563
0.102037
0.299356
0.285239
0.305966
0.243477
1.417158
2.138613
0.237238
1.620368
0.753551
0.453875
0.093759
0.468018
0.038506
0.216584
0.215697
0.047077
0.841039
0.626083
1.485933
0.875561
0.073154
0.118348
0.358745
0.407471
0.562594
0.176599
0.535958
1.495329
0.373480
0.044930
0.072133
1.879155
0.367698
0.448294
0.224851
0.309879
0.431564
0.673479
0.274775
0.220501
0.205143
0.450426
1.668117
0.264377
1.453177
0.189042
0.347092
0.712182
0.014685
0.298292
0.440654
0.090192
0.539522
0.051450
0.640762
0.204352
0.251549
0.239046
0.167900
1.272593
0.313656
0.272000
1.142463
2.158472
0.005843
0.150823
0.297634
0.445529
0.000185
1.025431
1.462979
0.205421
0.312887
1.208527
0.688310
0.264221
0.127861
0.142568
0.093054
0.146907
0.597670
0.704424
0.272050
0.221178
0.959884
0.076589
0.590401
0.142978
0.369132
1.912961
0.093313
2.212751
0.253566
0.035461
1.838301
0.263306
0.199392
0.275196
3.550544
0.199668
0.174532
1.455351
0.548521
0.713152
0.970287
0.266972
0.093335
0.042791
0.542060
0.207833
0.205193
0.222519
0.050283
0.705790
0.630587
1.488291
1.142690
0.263517
0.110160
0.272641
0.245387
0.229421
0.262423
0.770019
0.286749
0.241479
0.108472
0.724754
0.820777
0.107960
0.049661
0.053221
0.075274
0.715000
0.985845
2.778766
0.095825
0.015777
0.040694
0.904567
0.231940
0.267875
0.108707
0.314462
0.093775
1.215680
0.268814
0.035897
0.194104
0.475449
0.336279
0.618208
1.997455
1.141154
0.341801
0.270677
0.164944
0.585961
0.101275
0.045684
1.078937
0.162798
0.104307
0.012245
0.019679
0.025157
0.010272
0.119762
0.041762
0.051846
0.025227
0.300094
0.360020
0.140258
1.251290
0.576448
0.085209
0.203229
0.700309
0.325444
1.474432
0.139298
0.104124
1.323889
0.076055
0.574740
0.213267
0.274179
0.233745
0.378136
0.356083
0.149107
0.826406
0.598185
0.165677
0.938930
0.686749
0.180043
0.030980
0.876976
0.256147
0.057864
0.163006
1.227564
0.218391
0.109283
0.456183
0.357263
0.377856
0.216919
2.254617
0.324972
0.452102
0.097392
0.261379
0.666360
0.983721
0.701921
0.086191
0.133034
0.167691
0.550952
0.338116
0.049041
0.227437
0.742548
1.410954
0.059534
0.039469
0.000294
1.399785
0.323880
0.058194
0.122546
0.247912
0.311584
0.266959
2.271493
1.831277
1.441389
0.208774
1.652847
0.274044
1.378171
0.075594
0.883229
0.558466
0.000250
0.437828
0.889107
0.133360
1.013792
0.345397
0.646553
1.632084
0.998634
0.345677
1.162819
1.876376
0.427839
1.165837
1.236750
0.026589
0.006409
0.071403
0.292344
0.323604
0.395683
0.282887
0.299671
0.337453
0.742328
0.267349
1.219438
0.618758
0.404242
0.677018
0.241130
0.404803
0.196681
0.120192
0.778137
0.107564
0.623260
0.361455
0.084406
0.429944
0.006930
0.029669
0.402976
0.444301
1.615461
0.316542
0.511602
1.809971
0.460810
0.043476
0.298655
0.080613
0.362173
1.153986
0.510403
0.170386
0.188942
0.401968
3.312897
1.016882
0.174240
0.240057
0.275932
0.483076
0.451887
0.119893
0.838370
0.183693
0.650732
1.726517
1.078154
0.676685
0.013153
0.287758
0.200539
2.150373
1.185615
1.769549
1.605172
0.355411
0.027883
0.263280
0.535975
0.421519
0.185463
0.176452
0.977293
0.489875
0.947866
0.972635
0.340365
0.077761
0.136127
1.249772
0.720877
0.895782
0.070253
0.429607
0.075853
0.979316
0.393570
0.012662
0.458871
0.422937
0.310500
1.336694
0.407386
0.230404
1.161101
0.363783
1.051813
1.563862
1.303769
0.383555
0.373043
0.134717
0.894887
0.242383
0.985863
0.574102
0.138015
0.218893
0.876729
0.326529
0.159012
0.446181
0.187601
0.258335
0.091252
0.302209
0.152207
0.621831
0.325632
0.993979
0.165986
1.416865
0.789957
0.915515
0.185846
0.595281
0.220548
0.104386
0.527967
0.166307
0.643799
0.097955
0.366091
0.407171
0.412850
0.238957
0.137128
0.812991
0.662997
0.034508
0.166221
0.003449
0.535016
0.452773
0.264131
0.868126
0.025271
0.558616
0.383391
0.375283
0.383764
0.851837
0.316598
0.200125
0.536089
0.756022
0.013068
0.007256
1.720414
0.566494
0.176455
0.588875
0.968429
0.847771
0.143240
0.270570
0.109342
0.335655
0.124999
1.336001
0.405572
0.350617
1.388390
0.119543
0.052517
0.213957
0.018578
0.080667
0.010585
0.424279
0.564886
0.406855
0.247111
0.078913
1.088581
0.024434
1.298761
1.217688
0.032055
1.119824
0.446245
0.222721
0.440381
0.295484
0.096767
0.899789
0.998010
0.232913
0.195480
0.044592
0.180679
1.056989
0.445006
0.137897
0.048198
0.584071
0.444780
0.068695
0.910228
0.470948
0.602549
0.361743
0.091302
0.047316
0.540793
0.027513
0.074241
0.441530
1.690311
0.111624
0.326952
0.406347
0.409970
0.033883
0.001276
0.664958
1.152058
1.007478
0.057080
0.126638
1.518235
0.264795
0.054344
0.389729
0.528043
0.108385
0.130943
0.138107
0.195230
0.035452
0.953455
0.011938
0.437803
0.009267
0.060454
0.140077
0.037308
0.145088
0.888389
0.019305
0.300696
0.186116
0.450965
0.005780
0.236065
0.454115
0.687171
0.161814
0.311285
0.965090
0.346800
0.268441
0.154645
0.462182
1.570698
1.251845
0.799995
0.103622
0.086919
0.064688
0.147607
0.005545
0.078297
0.913233
0.014915
0.149765
0.043516
0.053398
0.357391
1.227687
0.074927
1.643757
0.127430
0.660966
1.827663
0.459776
0.200345
0.638524
1.050979
0.788918
0.429033
0.237415
0.117236
0.922740
1.987632
0.090634
0.714117
0.755537
0.217679
1.261830
1.154722
0.469006
1.335827
0.023353
0.296753
1.612604
0.181537
0.378539
0.031760
0.844151
0.294514
0.112016
0.752134
0.554496
1.359734
0.697097
0.158323
0.153421
0.320380
0.080786
0.029775
0.025187
0.374545
0.155184
1.109018
0.355075
0.283355
0.526980
0.169668
0.769904
0.423475
0.104398
0.250580
0.348720
0.133334
0.921903
0.310315
0.386677
0.233205
0.371104
0.218249
0.851556
0.644853
0.070508
0.334708
0.537553
1.074898
0.712317
1.281787
0.220494
1.196240
1.975972
0.260208
0.286174
0.142247
0.176131
1.443262
0.570055
1.481625
0.131974
0.313487
0.366598
0.272732
0.982937
0.011006
0.531380
0.604916
0.330984
0.107239
0.038712
0.004068
0.395646
1.114606
0.659788
0.567015
0.239324
0.248371
0.412492
0.075285
0.188775
1.252707
0.024795
0.174951
0.195844
0.331000
0.391370
0.485095
0.279668
0.126199
0.421216
0.539990
0.583754
0.046588
0.042139
0.397950
0.058681
0.664624
0.144226
0.451814
1.318053
0.196581
0.461916
0.322275
0.122610
0.204553
0.083245
0.455461
0.649593
0.627854
0.668998
0.021301
0.501857
0.770911
0.205453
1.579942
0.157486
1.059296
0.432037
0.599661
0.054274
0.080024
0.222362
0.784442
0.135159
0.289752
0.208173
0.213549
0.096275
0.447173
1.428013
0.054633
1.239697
0.394288
0.432097
0.071747
1.065433
0.658341
0.657489
0.468900
0.296292
0.316637
0.525224
0.042010
0.147292
2.177968
0.019452
0.372587
1.008586
0.479488
0.126769
1.750496
0.723259
0.437273
0.716808
0.000738
0.011518
0.053850
0.214681
0.110273
0.590826
0.172358
0.179358
0.470079
0.907271
1.060282
0.679549
0.633551
0.473392
0.321824
0.197905
0.030468
1.439213
1.887960
0.075239
0.110907
1.665652
0.097923
0.644192
0.889586
0.791339
1.480510
0.807363
0.409568
0.378771
0.413465
0.411243
0.403668
0.546384
1.202518
0.696911
0.221537
0.112395
0.027388
1.711338
0.019581
1.354062
0.619770
0.706848
0.394115
0.102351
0.043663
0.463761
0.068992
0.031314
0.681624
0.198616
0.012638
1.275729
0.026756
0.969604
0.630462
0.000170
0.535358
0.161340
0.379134
0.124133
0.905340
0.044677
1.079501
0.685594
0.908087
0.138866
1.473581
1.106625
0.117782
2.131354
0.868617
1.265107
0.678705
0.230498
0.055727
0.875201
1.821242
0.133518
1.090194
0.632896
0.412970
1.214995
0.510848
0.476325
0.730821
0.220513
0.476766
0.277025
0.500406
0.078997
0.518141
0.316380
0.131738
0.377286
0.121081
0.035735
0.739839
0.088716
1.604855
2.013283
0.080377
0.765372
1.164067
1.108993
0.083010
0.004011
0.631981
0.067786
0.138764
0.463764
0.931415
0.816153
0.363282
0.331584
0.271334
0.167441
0.920710
0.016999
0.618866
0.321063
0.098965
0.219398
1.429756
0.264830
1.081308
0.085854
0.327128
0.535399
0.193094
0.289734
0.510034
0.316361
0.126433
0.390391
0.223165
0.236122
0.399190
0.040331
0.349766
0.785801
0.572797
0.213817
0.454173
0.110571
0.894082
0.007869
0.329831
0.560645
0.025142
0.107174
0.080066
0.129782
0.397170
0.047524
0.510559
0.283783
0.142806
0.063905
0.047354
0.420595
0.410244
0.654281
0.019193
0.764416
0.158551
0.253488
0.086945
0.862105
0.322351
0.543528
0.475925
0.085481
0.005400
0.118357
0.219674
0.927269
0.128348
0.911679
0.364507
0.161094
0.015978
0.547685
0.350641
0.433240
0.705817
0.077660
0.006374
0.002356
0.153153
0.054366
0.426076
0.867560
0.894346
0.472297
0.466760
0.055223
0.004444
0.727164
1.303544
0.330852
0.280389
0.388509
0.512460
0.289888
0.695167
2.859655
0.166655
1.895017
0.901619
0.807395
0.145740
1.007525
0.314290
0.707128
0.295528
0.126098
1.155069
0.307099
0.129132
0.089917
0.412717
0.807508
2.220332
0.251079
0.265748
0.451989
0.345915
0.273333
0.224307
0.277208
1.177741
0.782046
1.688016
0.395189
0.131136
0.630845
0.391585
0.360928
0.592462
0.237633
0.189327
1.469426
0.140497
0.761331
0.608643
0.587570
0.002394
0.464080
0.081347
0.132233
0.733342
0.622579
0.017036
0.708423
0.056518
0.295090
0.217370
0.465985
1.008311
0.625976
0.016166
0.739310
0.351373
3.022911
0.191638
0.664910
0.626682
0.988153
0.143591
0.262706
0.137021
0.416025
0.219843
0.331471
0.212869
0.030793
0.096727
0.216539
0.545990
0.197293
0.438384
0.284368
0.019446
0.480346
0.106152
0.078343
0.032613
0.392465
0.695653
1.329915
0.149137
0.764079
0.605478
0.719170
0.758651
0.010337
0.344731
0.341752
1.068038
0.688725
1.170884
0.064817
0.187436
0.150285
0.466020
0.538429
0.192341
0.761955
0.005442
2.060789
0.057247
0.451563
0.270248
0.079104
0.119174
0.469296
0.172201
0.160940
0.082833
0.021770
0.114867
0.264302
0.873404
1.189426
0.095127
0.466169
1.314197
0.556465
0.053527
0.829546
0.271661
0.002690
1.338793
0.658025
0.153921
0.385577
0.248086
0.438897
0.192584
0.257056
0.419760
0.279173
2.852058
2.121053
0.426863
0.117064
0.451249
1.003207
0.330780
0.687410
1.193720
0.584319
0.085802
0.661765
0.453855
0.200941
0.207889
0.371546
0.001174
0.291426
0.203268
0.273684
0.296254
0.154159
0.083227
0.622449
0.811868
0.393158
0.175724
0.065340
1.463560
0.999073
0.399640
1.433377
0.948681
0.066493
0.082352
0.293926
2.305193
0.505040
0.106347
1.142311
0.196536
0.214841
0.499827
1.272794
0.570067
1.790771
0.295234
0.573747
0.267101
0.757014
0.054963
0.986369
0.023177
0.148823
0.425432
0.942382
0.809534
1.017370
1.764014
0.689889
0.661564
0.368012
0.587988
0.438217
0.518534
0.926833
0.014311
0.504696
0.326145
0.124111
0.381513
0.815250
0.420936
0.090605
0.646842
0.143388
0.074196
0.094174
1.343312
0.401225
1.514659
0.018326
0.266106
2.895884
0.173663
2.121987
0.932431
0.050099
0.965287
0.845649
0.928013
0.444136
0.205268
0.383063
0.094594
2.014614
0.237832
0.111938
0.480868
0.974827
0.272708
0.082153
0.542126
2.278002
0.190819
0.245174
0.136441
0.303637
0.409650
0.093590
0.003480
0.357606
0.115774
0.272046
0.354495
0.346693
0.259833
0.217659
0.452504
0.150699
0.092359
0.289167
0.944743
0.351968
1.831772
0.010724
0.334303
0.217617
0.125390
0.055661
0.118218
0.513899
0.148440
1.029461
0.499432
0.426804
0.150549
1.022110
0.014864
0.855335
0.021049
0.018450
0.200363
0.142456
0.304273
0.910157
0.689241
0.987144
0.105957
0.210416
0.064688
0.222853
0.763166
1.756734
1.001216
0.707403
2.379566
0.217373
0.058219
0.119912
0.306171
0.193182
0.967030
0.627259
0.107145
0.333878
0.170479
0.301545
0.221319
0.191511
0.158821
0.254485
0.218810
0.461033
0.520368
0.831122
0.290203
0.251135
0.556498
0.498879
0.670363
0.786994
2.350972
0.368041
0.719826
0.968679
0.162893
0.702059
0.116904
0.245474
1.715576
0.548917
0.616240
0.866058
0.239982
1.157923
0.185700
0.554491
0.218632
0.551149
2.224400
0.492198
0.034556
0.209835
0.129799
0.625155
0.083041
0.552769
0.057385
0.869916
0.178525
0.937917
0.480165
0.172080
0.229264
0.239198
0.079557
0.518984
0.072304
0.219708
0.017182
0.053954
0.011120
0.677808
1.297672
0.258077
0.515751
0.134340
0.038059
3.043399
1.169130
0.031790
0.489166
1.758022
0.259040
0.957646
0.575796
0.407499
0.368725
0.785819
0.240480
0.862789
0.509533
3.476004
0.060020
0.003439
0.238426
0.150697
0.528755
0.360676
0.478298
0.579915
0.478810
0.507773
0.279896
0.389979
0.020923
0.037470
0.750710
0.060675
0.036246
0.570798
0.096718
0.592069
0.526305
0.434006
0.395591
0.203865
0.074003
0.035404
0.067988
0.366344
1.104956
0.726656
0.365350
0.001705
0.741534
1.139894
0.153003
0.277336
0.265174
1.057720
0.059504
0.014094
0.364092
0.389213
0.421251
0.408447
0.474758
0.212748
0.558096
0.574426
0.013812
0.943099
0.236596
0.566944
0.279804
1.286419
0.006574
0.417519
2.416728
0.075527
0.044704
1.069939
1.184382
0.463114
1.084616
0.568879
0.348225
0.080879
0.055579
1.222353
0.014597
0.122568
1.415468
0.394816
0.709975
0.357094
0.055012
0.232087
0.972335
0.749534
0.027939
1.077994
0.490434
0.282232
0.413261
0.027535
0.219266
0.428413
0.483429
0.213133
0.628847
0.610815
0.130286
0.486556
0.184957
0.061154
0.179451
0.832620
0.153586
0.261078
0.643864
0.173539
0.489300
0.547030
0.913914
0.240987
0.096523
1.436087
0.700771
0.016531
0.636636
0.825465
1.242852
0.211637
0.136866
0.326160
0.254316
0.451294
0.028104
0.009289
1.419697
0.735595
0.643057
0.093724
0.249154
0.016708
0.168472
0.592086
0.928047
0.399840
0.053103
0.419458
0.928236
0.645353
0.132613
0.574450
0.056786
0.262567
0.492337
0.987158
0.290843
0.212725
0.553230
0.221411
0.588220
1.197003
0.906827
0.047325
0.349802
1.110962
0.057545
0.294174
0.542277
0.893005
0.478145
0.027963
1.002113
1.160044
0.689939
0.617136
0.300980
0.945740
0.162018
0.175517
0.426746
0.356412
1.932917
0.571966
1.252139
0.465060
0.391077
0.222605
1.518469
0.119035
0.631311
0.515912
0.064251
0.403754
0.662039
0.488826
0.294963
0.924695
0.035513
0.056909
0.562025
0.576398
0.088350
0.388563
0.440923
1.205979
0.143327
0.019498
0.712543
0.373277
0.203447
0.202923
0.018200
0.187958
0.007569
1.539675
1.255623
0.407775
0.187945
1.023395
0.733657
0.015441
0.361283
1.103842
0.439067
0.142807
0.360621
0.015268
0.047768
0.436633
0.074049
0.726544
0.155074
0.178068
0.182950
0.957453
0.117850
0.405578
1.107697
1.744931
0.042593
0.127559
0.180544
0.062444
0.386651
0.191441
0.037047
0.305642
1.042568
0.242852
0.198896
0.518052
0.268198
0.924778
0.383086
3.898944
0.047782
0.025154
0.015056
0.100602
0.499127
0.091550
1.482191
1.142075
0.314559
0.147075
0.694717
0.564929
0.831659
0.513155
0.519817
1.113506
1.008130
1.492872
0.004800
0.259900
0.155717
0.042218
0.992821
0.077342
0.313404
0.105920
0.776718
1.063698
0.017088
0.195552
1.061978
0.066616
0.233208
1.204558
0.183358
0.002120
0.040291
0.147455
1.163286
0.393025
0.356916
0.529437
0.125052
0.193366
0.174656
1.011324
0.119685
0.088175
0.849663
0.125791
0.418550
0.044305
0.180772
0.280834
0.129458
0.732897
0.484646
0.008365
0.524851
0.531015
0.207972
0.377937
0.754763
0.624199
0.290361
0.044951
0.631625
0.364829
0.208804
0.483314
0.032155
0.953974
0.159271
0.166734
0.094578
0.419223
0.082002
0.243244
0.653359
1.728154
0.467800
0.175722
0.027361
1.209834
0.647445
0.165200
0.569958
0.212875
0.176879
0.200322
0.000484
0.508384
0.984890
0.756956
0.216372
0.179065
1.004702
0.035501
0.854476
0.116162
0.582659
1.065283
0.030367
1.621681
0.090039
0.131507
0.376009
0.189939
0.479192
0.149121
0.167394
0.126890
0.403950
0.206065
0.072620
0.164446
0.482642
0.844619
0.493087
1.244940
0.078591
0.494385
0.405198
0.002991
0.262056
1.185386
0.183350
0.159999
1.847074
0.067296
0.328081
0.544294
0.003591
0.388359
0.489450
0.094342
0.737795
0.082945
0.334723
0.245384
0.264444
0.740341
0.473350
1.675441
0.058424
0.687513
0.140668
0.653564
0.413347
1.028739
0.519913
0.615430
0.346764
0.112699
0.625748
1.193575
0.057365
0.010564
0.100421
0.043610
0.079400
0.544014
0.686852
0.083612
0.113580
0.231898
0.197220
1.835774
0.371137
0.840869
0.225027
1.364453
0.441509
1.832337
1.149575
0.596592
0.639266
0.078257
0.277693
0.167080
0.008627
0.037703
2.415401
0.364175
0.160402
0.611991
0.277044
0.241304
0.648866
0.467435
0.314010
1.034477
0.157686
0.119881
0.014031
0.320932
0.438888
0.218179
0.297333
0.057292
0.091699
0.832104
0.021962
0.701274
0.768668
1.429102
0.299625
0.353219
0.045789
1.047485
0.781903
0.055251
1.493479
0.763197
0.486312
0.126798
0.335326
0.024236
0.466747
0.121338
0.531639
0.037995
0.046692
1.296210
0.168688
0.062118
0.254456
1.022630
0.317857
0.938997
1.929632
0.508065
0.536126
0.011066
0.248821
0.292424
1.669354
0.925162
1.492009
0.026715
0.636018
0.673677
0.085182
0.553271
0.369863
0.753784
1.118837
0.005723
0.873969
0.346690
0.128644
0.327488
0.425826
0.189907
0.260191
0.981811
0.283557
0.816246
0.655231
1.167984
0.527290
0.617596
0.389668
0.185115
0.656726
1.353979
0.697636
0.594751
0.748370
0.604736
0.688477
0.342471
0.291446
1.173245
0.090270
1.668734
0.574187
0.030126
1.861807
0.355366
0.408890
0.113267
2.266929
0.070713
0.365653
0.251237
2.385690
1.513716
0.111275
0.639772
0.964971
0.952533
0.281987
0.252201
0.087541
0.088468
0.199836
1.220040
0.975238
0.055802
0.476596
0.465001
0.460002
0.028926
0.356413
0.727634
0.010450
0.106962
0.871873
2.832693
0.604168
0.242031
0.111100
0.586506
0.362428
0.632861
0.044708
0.353762
0.553611
0.167778
0.130016
0.371555
0.073234
0.539448
1.266005
0.176099
0.863536
0.143815
0.117675
0.569701
0.219689
0.869195
0.168042
1.573804
1.061827
0.792812
0.643148
1.156768
2.201958
0.397970
1.139557
0.584104
1.348322
0.050944
0.238730
0.297261
0.843251
0.312911
1.554013
0.331171
0.693624
0.101844
0.004382
1.087913
0.929953
1.324137
0.101269
0.549069
0.098731
0.249655
0.212705
0.382591
0.122469
0.499748
0.338436
0.051378
0.278535
0.121357
3.339187
0.267974
0.722698
1.133452
0.054886
0.596872
2.498148
0.330442
0.078379
0.825315
1.485844
0.052903
0.172959
0.600358
0.167516
0.179163
0.440349
0.069055
0.130930
0.732348
0.793607
0.263452
0.088310
0.076578
1.444071
0.238332
0.743474
0.286454
0.323898
0.112230
0.527231
0.322697
0.478476
0.268899
0.232537
0.636305
0.059889
0.227182
0.113768
0.149185
0.095108
0.082608
0.221874
0.313351
0.952947
0.515090
0.727936
0.287076
0.739324
2.936296
0.115127
0.419156
0.261073
0.229093
0.618185
0.216219
0.686629
0.330342
0.773680
0.126493
0.576885
0.288849
0.600431
0.178690
0.964750
0.036811
0.010302
1.715764
0.286462
0.126737
0.127856
0.469965
0.235954
0.438546
0.038977
0.129061
0.128781
0.921935
0.545793
3.518445
0.913115
1.020053
0.418141
0.141005
0.135613
0.161651
0.454172
2.076267
0.713030
0.242254
0.116469
0.293765
0.865271
1.186838
0.682844
0.565967
1.904714
0.724487
0.518176
0.267187
2.258972
1.023540
0.011793
0.227284
0.303391
0.051738
0.449196
0.572796
1.407526
0.148592
0.571416
0.754975
0.067954
0.142354
0.012563
0.226777
0.371181
0.485931
0.214553
0.166868
0.002819
0.406761
0.651086
0.881393
0.311408
0.320139
0.352635
0.291168
0.135933
0.082012
0.966795
0.128823
0.011208
1.054667
0.448746
0.324148
1.885774
0.102397
0.086599
1.244951
0.291947
0.916647
0.595629
0.421236
0.045992
0.638226
1.358969
0.473236
0.209729
0.166269
1.130000
0.214023
0.915057
0.488696
0.097188
0.180609
0.050775
0.573917
0.682424
0.203688
0.897747
0.458086
0.412469
0.969392
0.325651
0.083705
0.202622
0.304051
0.207252
0.338847
0.233165
0.760737
0.201979
0.035673
0.216135
0.272543
0.779930
0.167705
0.016313
0.071030
0.419495
1.313809
0.327588
0.261667
0.400877
0.535453
0.620026
0.522093
0.207742
0.303679
2.026442
0.095540
0.028372
0.393032
0.015258
0.381567
0.599514
0.225682
2.274141
0.019290
0.967080
0.224798
0.855888
0.103993
0.281915
0.093418
0.468234
0.124749
0.303829
0.510951
0.217890
0.011752
0.419480
0.897551
0.281662
0.063518
0.337842
0.076178
0.729045
0.889434
0.453826
0.693042
0.002559
0.527335
0.174292
0.017897
0.102585
2.468658
0.254082
0.096128
0.015576
0.146418
0.385034
0.948981
0.291373
1.720898
0.010380
0.025450
0.104621
0.323058
0.585136
0.390488
0.345726
0.148905
0.235747
1.328479
0.236488
1.009162
0.036908
0.077845
0.599149
0.550837
1.122739
0.607682
0.192375
0.104396
0.670771
0.351467
0.099996
0.073646
0.569364
0.119087
0.247815
0.122179
0.032035
0.893237
0.102152
0.043110
1.068863
0.233873
0.408822
0.424076
1.236260
0.029706
0.884076
0.172344
2.191805
0.115467
0.086392
0.030234
0.215686
0.972362
0.647975
0.140192
0.410912
0.023410
0.283647
0.177573
0.399932
0.476224
0.286251
0.130932
0.874748
0.876368
0.296359
1.095515
0.538158
0.499786
1.766885
0.389601
0.002783
0.376804
0.059968
1.270285
0.442173
1.426898
0.119596
0.427287
0.080426
0.232144
0.501486
0.345540
0.129638
0.222811
0.680256
0.777384
0.259862
0.097043
0.045888
1.560942
0.781796
0.370726
0.103088
0.479542
0.215606
0.501862
0.351553
0.004738
0.154250
0.322903
0.399986
0.158042
0.002554
0.544849
0.106708
0.448379
0.465774
0.259528
0.091148
0.702512
0.748802
0.804365
0.146249
0.002368
0.086839
2.917117
0.788696
0.415915
0.095270
1.065065
0.367687
1.663573
0.259392
0.613765
0.434776
0.703322
0.208116
0.044861
0.722951
0.465606
0.412283
0.189260
1.047484
0.418127
1.927039
0.035805
0.086451
0.439574
0.321250
0.196837
0.207381
0.144080
0.066928
0.449601
0.147242
0.167539
0.446019
0.024895
0.946781
0.721258
1.327841
0.231128
0.650558
0.203613
0.040130
0.184542
0.046903
0.270296
0.250807
0.962101
0.011901
1.562037
0.092643
1.153529
0.369796
0.080049
1.745877
0.572022
0.659885
0.293113
0.003461
0.037526
0.591978
0.070887
0.547427
1.488147
0.269697
0.147583
3.013987
0.154871
0.009723
1.310973
0.505993
0.687244
0.151800
0.625231
0.028636
0.216459
0.070335
0.299020
0.114954
0.084058
0.260550
0.234623
0.028386
1.321308
0.369560
0.012527
0.471185
0.147366
0.315857
0.480114
0.198432
0.088520
0.691901
2.479946
0.058983
0.090926
0.142894
0.057628
0.283380
0.155876
0.018437
0.035824
0.007490
0.176944
0.763399
0.036571
0.524100
1.226670
0.367654
0.964909
0.035608
1.307116
0.130262
0.066155
0.967588
0.696797
0.080480
0.313584
0.003557
0.479851
0.043374
0.203731
0.755357
0.893290
0.198488
1.106011
3.339429
0.429279
3.695877
0.282273
0.929155
0.018117
0.347098
0.979256
0.202956
0.166545
1.325810
2.039120
0.109880
0.299015
0.909734
0.154641
0.236509
0.034804
0.247113
0.132297
0.854791
0.386778
0.599295
0.874771
0.084578
0.760422
0.087659
1.365694
0.475882
0.335163
0.872606
0.474256
0.033436
0.870844
0.022533
1.197074
0.984347
0.393278
0.729823
0.107831
0.879791
0.597250
0.097433
0.012747
0.079645
0.007528
0.172090
0.371307
0.042879
0.571525
0.706555
1.157540
0.124093
0.303481
0.649853
0.235329
0.134900
1.095511
0.185734
0.949924
0.236328
0.072901
0.310964
0.291109
1.615063
0.353783
0.215462
0.859650
0.026567
0.062653
0.007456
1.058590
0.843477
0.106507
1.175891
1.637299
0.115839
0.109077
0.333058
0.170528
1.048410
0.139140
0.105498
0.050982
0.598515
1.248152
0.319658
1.361924
0.819455
0.763069
0.768063
0.100731
1.252340
0.142429
0.488826
1.054933
0.703323
1.822865
0.601244
0.821970
0.048074
0.626502
0.579838
1.185368
1.183348
0.447280
1.015349
0.059960
0.773728
0.219296
0.257073
0.545866
0.455615
0.448504
0.716282
0.175404
0.356495
0.133059
0.130851
0.189630
0.008206
0.007580
0.344674
1.363430
0.152533
0.064999
0.839183
0.009062
0.050352
0.359618
0.870754
0.103802
0.128887
0.357856
0.049391
0.071612
0.053998
1.645925
0.141479
1.101735
0.191268
0.522684
0.403658
1.237528
0.137646
0.189351
0.118953
0.694094
0.398034
0.291682
0.034195
0.416409
0.305349
0.415287
0.346327
0.636399
0.579346
0.187765
0.669542
0.761410
0.874207
0.413521
1.742963
0.027323
0.038341
0.032767
0.103279
0.096904
0.013300
0.283758
0.034014
0.210888
0.042510
0.483412
0.150526
0.194418
1.366381
0.319030
0.037700
0.330690
1.224762
0.074675
0.025141
0.231568
0.606900
0.397914
0.047510
0.246359
0.989770
0.881762
0.093732
0.582084
0.248148
0.075595
0.675460
0.312776
0.113920
1.312902
0.512521
0.130681
0.223681
0.613763
0.426795
0.291871
0.197778
0.898119
0.722699
0.151672
0.182470
0.906928
0.684258
0.123864
1.858812
0.791287
0.445946
0.567599
0.210300
0.570916
0.035039
0.114841
0.355988
0.136311
1.117610
1.154028
0.238160
0.502601
0.227522
0.436956
0.412366
0.003411
0.837472
1.277674
0.625499
0.244531
0.226693
0.020659
0.124793
0.068985
0.179861
0.373948
1.688514
0.024409
0.685339
1.419874
0.923214
0.204876
0.484057
0.102619
0.008548
0.582184
0.247772
0.373567
1.305233
0.166893
0.278281
0.182235
1.249433
0.786079
1.095158
0.326454
0.802726
0.603322
0.256919
0.359728
0.045837
0.726927
0.403111
0.184428
1.127887
0.967541
0.901247
0.986852
1.167726
0.435155
0.811308
0.684096
1.246654
0.274800
1.336682
1.361446
0.058660
0.194113
0.308643
0.018955
0.465111
1.092034
0.209757
0.370492
0.569437
0.131172
0.001415
0.326024
1.340848
0.259286
2.414426
0.009669
0.093745
0.394237
0.198470
0.034230
0.256288
0.088810
1.310215
0.181406
0.681128
0.654383
0.025497
0.541292
0.082830
1.973735
0.452671
0.152832
0.180082
0.028915
0.178742
1.192828
1.437710
0.515290
0.282225
0.488323
1.035551
0.284715
0.054043
0.818678
0.912499
0.049609
0.870508
0.004896
0.510709
0.082605
0.039475
0.020914
0.189185
0.001574
0.211750
0.030374
0.660233
0.251235
0.636879
1.084269
0.235531
0.189766
0.080684
0.566756
0.232614
0.298544
0.441030
0.189618
0.048689
0.008775
1.398803
1.701712
0.300329
0.021190
0.739747
0.171479
0.073062
0.454291
0.178392
0.747753
0.691527
0.235794
0.848673
0.033183
0.238318
0.088416
0.065711
0.059460
0.407143
0.926947
3.054317
1.349346
0.086696
0.079379
0.471839
0.378790
0.453647
0.109624
0.938060
0.584259
0.120574
0.770565
0.533432
0.548044
0.878259
0.279449
1.563560
1.652541
0.012693
0.148013
0.671941
0.744173
0.500138
0.405965
0.911521
0.005710
0.633065
1.630091
0.065895
0.160878
0.817359
0.064628
0.116490
1.664692
0.156021
0.853627
0.341980
0.999152
0.007818
0.209429
0.403279
0.130545
0.068519
0.117559
1.129822
1.555219
0.507618
0.954490
1.254942
0.543463
0.057145
0.536313
0.287241
0.673965
0.120330
0.161116
0.696311
1.343906
0.135306
1.039929
0.116026
0.021496
2.800212
0.268008
0.003143
0.153503
0.133001
0.348227
0.068935
0.143226
0.928480
0.573476
0.325873
1.786290
1.112434
0.234584
1.310950
0.377087
0.128250
0.935588
0.106813
0.203417
0.350538
0.496252
0.038694
0.632640
1.176003
0.874480
0.524640
0.076523
0.603818
0.972123
0.101665
0.597673
0.158611
0.105518
1.631862
0.351997
0.588676
0.047454
0.702169
0.383677
0.741269
0.132853
0.354310
0.546600
0.468007
0.285475
0.108120
0.898056
0.164995
0.244539
0.092144
0.768601
0.008146
0.139045
0.349440
1.269046
0.035650
0.082831
0.032479
0.734651
0.004810
0.141768
0.314912
0.165228
0.287361
0.280243
0.772757
0.069083
0.366580
0.389645
0.546523
0.173045
0.744946
0.094663
1.578048
0.240969
0.467602
0.082359
0.121974
1.097154
0.386826
0.242884
0.559789
0.404656
0.493821
0.097060
0.322959
0.595961
0.199574
0.386866
0.313939
0.206760
0.769944
1.355964
0.483905
0.125986
0.225226
0.261182
0.216762
1.069690
1.479717
0.008362
0.096079
0.641426
0.104786
0.070915
0.055560
0.796199
0.167106
0.194040
0.577793
0.865163
0.612796
0.222137
0.237094
0.203205
0.383021
0.960120
0.015397
0.998504
0.248905
0.343187
0.113413
0.097846
0.281229
0.865879
0.255804
0.787165
0.130624
0.697665
0.562159
0.098045
0.732311
0.948390
1.155394
1.583886
2.013722
0.003002
0.702159
0.154813
0.198472
0.289546
0.046635
0.017319
0.800493
0.314299
0.229438
0.202822
0.192897
0.254025
0.110144
0.622795
1.126583
0.255957
1.103473
0.196616
0.126595
0.171550
0.062771
0.302194
0.021810
0.787777
0.499365
0.834372
0.515088
0.380146
0.733576
0.490730
0.386590
0.371047
1.110570
1.005273
1.654908
1.970373
1.151936
0.717279
0.296404
0.156080
0.050039
0.729038
0.549007
0.173323
0.326526
0.412085
0.591428
0.230628
1.088102
1.246132
0.539320
0.002260
0.231707
0.606379
0.798797
0.001262
0.360917
0.290511
0.382850
0.166730
0.034091
0.038143
0.823683
1.578232
1.402831
0.736843
1.390232
0.915235
0.380392
0.243243
0.057031
0.494340
0.082752
0.744195
1.268373
0.499944
0.204485
0.476573
0.000795
0.125639
0.379378
0.541661
0.128546
1.164567
0.226400
0.012311
1.177685
1.053075
0.312738
0.290029
0.088281
0.378473
0.360344
1.741696
0.335035
0.301759
0.673955
0.277839
0.173205
0.159358
0.834421
0.255892
1.155560
1.663071
0.096088
0.862218
0.453353
0.357189
0.286528
0.455323
0.659688
1.720261
0.150057
1.602011
1.022315
0.488314
2.058971
0.747416
0.348292
0.297752
0.121576
0.544681
1.946569
0.653611
0.501014
0.315505
0.100780
0.233471
1.123400
0.322485
0.519230
0.611744
1.043319
0.395767
0.554129
0.026034
0.229890
0.154633
0.411900
0.816808
0.996632
0.174025
0.740807
0.065634
0.146071
0.515432
0.686072
0.135288
0.271515
0.142611
0.578824
0.503740
1.213628
0.547401
0.226508
0.393275
0.071554
0.395751
1.248510
0.013995
0.011204
0.414679
0.661004
1.141661
0.058560
0.258143
1.485909
0.326097
0.553243
0.356704
0.166951
0.380746
0.814731
0.029135
0.533625
0.029505
0.601831
0.257487
0.174327
0.063305
0.525822
1.959472
0.700774
0.413177
0.518569
0.062825
0.056554
0.754507
0.546682
0.012462
0.821174
0.580890
0.443713
0.388129
0.439891
0.600002
1.433599
0.381695
0.097950
0.473920
0.022470
0.309745
0.078592
0.941640
0.365307
0.808484
1.178058
0.123138
0.114068
0.111306
0.205653
0.964208
0.099050
0.047705
0.269767
0.872185
0.117277
0.371090
0.463318
1.035693
0.397635
0.264318
0.411697
0.073570
1.502558
0.079021
0.902828
1.120317
0.569878
0.006816
0.352642
0.643764
0.322483
0.527037
0.424266
2.534128
0.301640
0.324249
0.119129
0.534968
0.564656
0.398383
0.358302
0.970562
0.511126
1.319532
0.572384
0.946207
0.301194
0.168310
0.642377
0.000519
0.596040
0.167276
0.074171
0.520471
0.281523
1.815264
0.388794
0.058622
2.172815
0.023818
0.899933
0.310280
0.598669
0.260974
0.304461
0.081841
1.076247
0.551406
0.825021
0.411116
0.122490
0.192500
0.269791
0.974190
0.142590
0.051964
0.613429
0.603019
0.242685
0.281120
0.604755
0.042203
0.626601
0.914796
0.650645
0.078291
0.838374
0.156197
0.147569
0.804858
0.189040
0.047293
0.152185
0.006456
0.343469
0.633768
0.089453
0.239576
0.244319
1.783762
1.417170
0.462941
0.172178
0.221779
0.309311
0.387662
0.305288
0.092022
0.137261
0.920974
0.455864
1.421260
1.278305
0.187406
0.759896
0.525271
0.305803
0.451023
1.253934
0.624296
0.250699
0.132884
0.813142
0.534618
0.141322
0.178500
0.235166
0.263840
0.571155
0.717205
0.240473
0.486645
0.227508
0.559090
1.966441
0.876874
0.119491
0.287570
2.646918
0.301321
0.163465
0.449653
0.250733
0.112384
1.180793
0.096550
0.953756
0.225689
0.734537
0.735075
0.039706
0.089670
0.001749
1.058810
0.859927
0.143643
0.099170
0.109148
0.539009
0.986025
1.583341
0.021210
0.329847
0.195352
0.627034
0.311254
0.081433
1.310227
1.155197
0.078487
0.238910
0.099008
0.670509
0.744106
0.239778
0.516623
1.496107
0.132304
0.003714
0.635921
0.001303
0.043728
1.076496
0.003056
1.654181
0.610003
0.147721
0.077353
1.155734
1.235671
0.002085
0.978580
1.573990
0.333889
0.100544
0.556944
1.503459
0.202075
0.456835
0.953026
0.324784
1.927260
0.015734
0.121768
0.699265
0.265446
0.984128
0.606782
0.516993
1.011341
0.274566
0.520665
1.512492
0.182939
0.529373
1.231760
0.005624
1.197938
0.029981
1.215600
0.869875
0.032195
0.736602
0.760478
0.398714
1.528487
0.301851
0.346643
0.168034
0.026788
0.216472
0.720173
0.015737
0.240942
1.938899
0.766292
0.790671
0.915052
0.333629
0.288763
0.614309
1.200849
0.044814
0.537562
0.121577
0.671309
0.426200
0.128760
0.521702
0.499576
0.074890
0.319502
0.592362
1.203483
0.146300
0.139647
0.993457
0.613613
0.680806
0.080265
0.711608
0.049996
1.212162
0.780431
0.324601
1.107130
0.426738
0.158616
0.655350
0.031446
0.619892
0.287835
1.759833
0.795511
0.050693
0.103045
0.382990
0.554371
0.266598
0.100977
0.179650
0.401899
0.532178
2.761238
0.310215
1.196959
0.137012
0.196646
0.478067
2.050362
0.320729
0.234751
0.040928
0.243016
0.090001
0.406115
0.161277
0.671234
0.880046
0.003046
0.804105
0.386663
0.293264
0.735154
0.203839
0.388440
1.566173
1.019835
0.117980
0.230746
0.027121
0.358743
1.275727
0.615237
0.354665
0.242513
0.479305
0.688594
0.618053
0.132112
0.656805
0.101035
0.466827
0.829702
0.419550
0.738366
0.227759
0.927685
0.357101
0.107744
0.947487
0.185656
0.659085
0.173661
0.041863
0.034773
0.896632
0.018696
1.383189
0.022379
0.260740
2.297951
0.405733
0.199039
0.598255
0.032974
0.623629
0.188678
0.834416
0.274259
0.395410
0.391192
0.464635
0.083271
0.217267
0.095011
1.295334
0.633480
0.008402
0.285860
1.216147
1.006233
0.684460
0.517172
0.087036
0.874163
0.621916
2.506403
0.992560
0.523247
0.018913
0.156667
0.509079
0.449364
0.454887
0.205108
0.534623
0.185599
0.526085
0.315805
0.658922
0.109917
0.005506
0.205826
0.215977
0.225794
0.357190
0.161338
0.042614
0.374508
0.621076
2.546651
0.250033
0.305191
0.508612
0.402905
0.166194
0.215488
0.395514
0.078577
3.433455
0.438223
0.267577
0.507639
0.097189
0.005938
1.828524
0.896037
0.194229
0.490431
0.179518
0.027855
0.864000
0.187421
0.248488
0.095049
0.563484
1.162094
0.297931
0.708755
0.280451
0.087266
0.696248
0.865281
0.479869
0.247106
0.235874
1.150280
0.673678
1.280100
0.023139
0.671678
0.353067
0.307765
0.236388
0.574592
0.318810
0.216101
0.363342
0.788364
1.863473
0.852263
0.940414
0.800473
0.070058
0.136672
1.777453
0.821831
0.076171
0.272647
0.415530
0.422696
0.434320
0.189868
0.249965
0.110002
0.611928
0.733786
0.051173
0.295277
0.589196
0.076871
0.102290
0.110746
0.460843
0.412472
1.067615
0.038226
1.218986
0.253976
1.008526
1.097296
0.121938
0.626738
0.580601
0.213210
1.535853
0.536920
0.083551
0.049890
0.040949
0.633455
0.547672
0.538103
0.017429
0.030407
0.971053
0.673850
0.881637
1.538265
0.102985
0.367760
0.050677
0.231934
0.635452
0.599559
1.350740
0.459653
0.739518
0.933962
3.778498
0.509571
0.662415
0.121604
0.218157
0.273263
0.413968
0.183538
0.041337
0.631043
0.257255
0.085978
0.285674
0.035094
0.849398
0.316961
0.067786
0.559961
0.117644
1.553904
0.493861
0.251924
0.323175
0.643611
0.728254
0.108747
0.274526
0.601729
0.796467
0.108237
0.394170
0.795184
0.897106
0.163942
0.006057
0.103713
0.602980
0.427941
0.341172
0.756936
0.172676
1.135427
1.389721
0.649626
1.669924
0.703296
0.109549
0.047893
0.279936
0.260786
0.023883
0.028970
0.810281
0.369792
0.757648
0.421014
0.633199
0.113300
0.156677
0.361625
0.253256
0.842110
0.186240
0.131428
0.049338
0.195055
0.271050
0.791299
1.141927
1.221174
0.427249
0.105445
0.829891
0.359161
1.246884
0.744445
0.155614
0.060609
1.003908
0.595645
0.367582
1.217264
0.698101
0.194884
0.285508
0.380415
1.112579
0.083148
0.664923
0.087748
0.551356
0.071293
1.851889
1.931786
0.226306
0.035927
0.179786
0.762800
0.997158
0.111656
0.594629
0.288480
0.247371
0.351975
1.506202
0.183849
0.164078
0.123129
0.273946
0.078601
1.229334
1.427171
0.029784
0.549680
0.154073
0.339501
0.111345
0.085478
0.519344
1.367604
0.191437
0.188520
0.035215
0.173695
0.173447
0.282855
0.225339
0.452112
0.120751
0.128542
0.793052
1.204559
0.546952
0.102621
0.268480
0.478453
0.339843
0.594095
0.898487
1.232885
0.918469
0.690457
0.974076
1.143969
0.268557
0.065427
0.248299
0.477523
0.164111
0.019102
0.399615
0.455523
0.216620
0.481602
1.109890
0.517417
0.025844
0.146629
0.137126
0.153893
0.327799
0.017885
0.096206
0.078890
0.124671
0.446422
0.717495
0.625726
0.168253
0.453272
0.495733
0.067586
0.211357
0.333185
0.012637
0.714187
0.469633
0.269236
0.235407
1.098578
0.302425
1.300708
0.333524
0.818505
0.392811
0.237524
0.299058
0.451365
0.500266
0.585612
0.981152
0.060059
0.645764
0.017554
0.149976
1.457878
0.490426
0.010626
0.539034
1.208139
0.480005
0.170341
0.018945
1.633048
0.746151
0.032077
0.640330
0.242441
0.325522
0.051378
0.159491
1.346651
0.011882
0.713329
0.669289
0.419258
0.074270
0.104088
0.088480
0.735602
1.051655
0.010945
1.075085
0.462033
0.028895
0.076973
0.398072
0.571533
0.089390
0.117028
0.448130
0.758934
0.343978
0.495894
0.678690
0.159101
0.587572
0.312569
0.534684
0.092999
0.413300
1.328818
0.053830
0.440885
0.585231
0.915821
0.083381
0.879583
0.014089
0.189742
0.455854
1.180815
0.205821
0.328599
0.355484
0.250099
0.489589
0.029751
0.038845
0.775798
0.154929
0.549290
0.420721
0.721639
0.175306
0.186676
0.018535
2.170205
0.748926
0.590724
0.085212
0.206892
0.487824
0.149716
1.293843
0.187585
0.051909
0.040825
0.075783
0.067564
0.250595
0.671239
0.016328
0.657694
0.124552
0.389310
0.066891
0.931783
0.456557
0.111552
0.501159
1.001896
1.007295
0.112751
0.495809
0.088588
0.360220
0.547433
0.080869
0.171141
0.222036
0.182664
0.495383
1.998602
0.415965
0.403173
0.174397
0.544433
0.499726
0.285554
0.779843
0.013228
0.095522
0.862782
0.708871
0.250771
0.225405
1.072615
0.136749
1.630056
0.043284
1.028871
0.876633
1.493412
0.038517
0.304235
0.059347
0.442885
0.064618
0.151403
1.049639
0.326784
0.418841
0.352774
0.309435
0.070827
0.030766
0.705105
0.793548
0.588171
0.105984
0.440075
0.632401
0.226996
0.261455
0.322602
0.712137
0.735045
0.221897
3.286596
0.657845
0.291099
1.023431
0.408793
0.247873
1.450232
0.007212
0.349385
0.380291
0.072833
0.722091
0.263868
0.477733
0.201246
1.239799
0.039962
0.311277
1.862758
0.894050
0.149816
0.550549
0.012009
0.929552
0.243228
0.246038
0.144772
0.985359
0.080061
0.010862
0.123620
0.079242
0.699589
0.539959
0.008789
0.186768
0.026310
1.640722
0.197281
0.403790
0.341630
0.309556
0.191454
1.177425
0.040033
0.524159
0.861066
0.083475
0.059899
0.797804
2.151825
0.232456
0.312472
0.005132
0.121671
0.948254
0.254460
0.314985
0.619889
0.395729
0.335577
1.326763
0.591072
0.138590
0.445768
0.620324
0.403478
0.512543
0.559248
1.059340
0.108642
0.092118
0.208810
0.360180
0.038091
0.270928
0.088904
1.125321
0.424422
0.161342
0.588638
0.408870
0.521503
0.085152
0.420573
0.996096
0.003261
1.715412
0.200982
0.631245
0.361243
0.857058
0.520146
0.116493
0.031981
0.135002
1.254428
0.478223
1.051283
0.448082
0.342147
0.037985
0.713827
0.906823
0.441644
0.896325
0.147369
0.692098
0.651253
0.878287
0.012798
0.272392
0.243828
0.558711
0.429749
1.547449
0.384455
0.437485
1.277837
1.010502
0.178463
0.287075
0.581343
1.467083
0.517328
0.691775
0.101332
0.414243
0.227110
0.031633
0.084303
0.985243
0.072201
1.234244
0.597923
0.638343
0.690691
1.526954
0.317924
0.324010
0.757497
0.342377
1.136281
0.090837
0.092360
0.320825
0.064398
0.610637
0.029187
0.022084
0.425045
0.220711
0.326986
0.150538
0.180990
0.066580
0.004667
0.333888
0.582321
0.234480
0.397543
0.926150
0.133913
0.574298
0.710259
1.347894
0.258722
0.353806
1.082877
1.037612
2.070700
0.547600
0.231222
1.064533
0.890867
0.387093
0.218965
1.523525
0.139901
0.264946
2.725572
0.848289
0.730962
0.322876
0.039883
0.037315
0.458655
0.044940
0.409430
0.170101
0.308377
0.056877
0.070492
0.594156
0.781375
1.103223
0.494130
0.108083
0.252993
0.359861
0.035678
0.239977
0.098397
0.289131
0.152068
0.005173
1.909477
0.479689
1.645653
0.125589
0.014303
1.591072
0.019790
0.795826
0.284789
0.061352
1.013708
0.017629
0.112468
0.278776
0.195054
0.541969
0.382766
0.303039
0.220809
0.196784
0.211120
2.092584
0.366727
0.676452
0.344471
0.444123
0.065453
0.564328
0.014072
0.243018
0.580498
0.002909
0.000906
0.524370
0.129332
0.015235
0.468405
0.155116
0.875561
0.021642
0.240793
0.593305
0.040065
0.438091
0.065132
0.255429
0.140764
0.535084
0.963904
0.461122
2.020033
0.110920
0.442341
0.348735
1.410618
0.044442
0.047584
0.032626
0.716861
0.063083
0.297202
0.297472
0.066384
0.298844
0.051585
0.217125
0.326894
0.612345
0.482442
0.182893
0.690178
0.000586
0.000547
0.872956
0.439499
0.065755
0.127791
0.886482
0.757700
0.041727
0.283297
0.719180
0.163574
0.009949
0.153834
0.123904
0.055325
0.219734
0.166102
1.006185
0.321372
0.656089
0.188975
0.456255
0.099643
0.266162
1.505259
0.540306
0.063300
0.421644
1.705027
1.010301
0.423006
1.721866
0.590354
0.084611
0.047862
1.253406
2.128986
1.026164
3.264389
0.270981
0.502900
0.162562
0.288211
1.146752
0.343635
0.391364
0.146990
0.756409
0.263115
0.652560
0.357163
0.643507
0.198261
0.587471
0.073478
0.162919
0.216759
0.147576
0.941231
0.191902
0.065628
0.271211
0.168990
0.846259
0.427057
0.237468
0.662913
0.410705
0.143601
0.660171
1.921799
1.076598
0.005287
0.269508
0.763872
0.354203
1.603494
0.019206
0.169335
0.229982
0.727380
0.799153
0.048586
0.049296
0.335619
0.130207
0.232581
0.918480
0.331648
0.124071
0.086840
0.468062
0.508627
0.295498
0.275650
0.119607
0.869489
0.086116
0.741276
0.038408
1.108994
0.696209
1.582993
1.159816
0.092084
0.675083
0.263191
0.068326
0.753635
0.596260
0.343006
0.393762
0.340911
0.444604
0.509325
2.044072
0.852662
0.005472
0.868433
0.180582
0.131095
2.048072
1.209505
1.016467
0.280698
0.203826
0.042672
0.146440
0.339628
0.964634
0.198621
0.242399
0.466047
0.168195
0.168344
0.744665
0.013407
0.593934
1.162428
0.817236
0.248522
0.254266
0.215372
1.085689
2.196681
2.250063
1.017078
0.819761
4.203693
0.590678
0.057741
0.130950
0.564280
0.010128
0.052381
0.056075
0.219131
0.099997
0.223126
0.941439
0.018337
0.582065
0.132000
0.514005
1.814575
0.364796
0.269577
4.714354
0.119779
0.192068
0.817030
0.464053
0.632185
0.084114
0.337337
0.610769
0.077585
0.223055
0.357851
0.077455
0.027241
0.484073
0.234139
0.653789
0.511196
0.320641
0.902773
2.660210
0.531595
0.108825
0.925620
0.586654
1.074497
0.038972
0.202438
0.971966
0.449322
0.692544
0.971685
0.819698
0.035565
0.541828
0.264326
0.771454
0.847723
1.157725
0.338111
1.612116
0.151340
0.001310
0.054752
0.188577
0.487529
0.324701
0.022350
0.152649
1.508221
1.057351
0.149342
0.465287
0.038939
0.053327
0.175723
1.588893
0.096882
0.496141
0.844192
0.732725
0.238187
0.557312
0.427749
0.296766
0.202937
2.117807
0.133201
0.081311
1.089332
0.646099
0.058436
0.080068
0.650883
0.120414
0.310099
0.215991
0.588284
0.352486
0.475797
0.514576
0.243236
1.028178
0.142750
0.308215
1.810499
0.393391
0.271033
0.080902
0.095558
0.133049
1.253068
0.402521
1.180095
0.339963
0.000279
0.136694
0.325882
0.133565
0.246567
0.227602
1.606443
0.346166
0.360418
0.581910
0.625209
1.861039
0.019624
0.259833
0.328595
0.528298
0.024580
1.008336
0.371635
0.175725
0.198030
0.344267
0.919505
0.684204
0.520756
0.007551
1.934588
0.416775
0.419572
1.080205
0.030322
0.420218
0.066152
0.385788
0.812032
0.359967
1.168579
0.719138
0.006445
0.269829
0.299257
0.648086
0.249505
0.335556
0.070611
1.037975
0.076123
0.099027
0.676362
0.547809
0.323138
0.035479
0.089178
0.190653
0.840970
0.831509
0.201749
0.787788
0.235747
1.150990
0.566344
0.285263
0.315948
0.809136
1.796574
0.158261
0.189150
1.043280
0.017288
0.198587
0.173319
0.331170
0.027865
0.578875
1.810002
0.102842
0.410912
0.060768
0.227525
0.179650
0.757310
0.921284
0.231283
1.436432
0.086357
0.101868
0.701003
0.337302
1.895649
0.069532
0.247625
0.532493
0.415745
0.979490
0.305348
0.385110
0.069814
0.739209
0.266344
0.089745
0.052561
0.611942
0.523001
0.083613
0.248562
0.486269
0.207683
1.519244
0.666507
0.611212
0.146467
0.363276
0.396014
0.489433
0.307991
0.611571
0.826655
0.120264
0.109288
0.770933
0.210504
0.442056
0.291059
1.194154
0.295220
1.142927
0.294667
0.429289
0.554808
0.976946
0.674573
0.735054
0.415278
0.246492
1.289108
1.560817
0.005569
0.153257
1.193025
0.687963
1.744626
0.088330
0.153141
0.363404
0.771354
0.643154
0.125673
0.451667
1.386281
0.271145
0.239665
0.165026
0.002759
0.863233
0.104946
0.300211
0.637199
0.503426
0.014023
0.247735
0.339534
0.730927
0.087662
0.029400
0.085627
0.044364
0.006552
0.092243
0.214544
1.269321
1.237656
0.191637
0.043303
0.099033
0.900677
1.016894
1.168564
0.029435
0.311759
0.919091
0.322899
0.931348
0.065058
0.328176
0.549558
0.186501
1.349149
0.244887
1.459092
1.613651
0.752429
0.288910
0.651951
1.396529
0.342573
1.085438
0.011978
0.355657
0.027963
0.233061
0.281084
1.757534
0.587116
0.359736
0.081223
0.373135
0.240756
0.027404
0.437382
0.935714
1.123233
0.030298
0.586953
0.008184
0.388325
0.221332
0.198429
0.320027
0.683075
0.159785
0.283761
0.369977
0.623124
0.088131
0.309605
0.116850
0.024345
0.332088
0.631867
0.053745
0.975515
0.079751
0.037453
0.397940
0.540026
0.125584
0.038810
0.021753
0.161096
0.536070
1.097627
0.092965
0.630308
0.433170
0.102838
0.148245
1.383818
0.360233
0.653396
0.573013
0.773264
0.088598
0.114686
0.346006
0.195771
0.549202
0.615215
0.232217
0.082378
0.276898
0.320680
0.004910
0.425097
0.394382
0.408889
0.132693
0.729865
0.501569
0.161249
0.022050
0.171948
0.089763
0.119644
0.003774
0.680987
0.254344
0.153328
0.571337
1.216292
2.510997
0.225601
0.600662
0.084679
0.419786
0.110720
0.326751
0.133745
1.184733
0.952875
0.244370
0.201513
0.196309
0.252400
1.173652
1.021292
1.550124
0.073939
0.508067
0.443651
0.266473
0.571518
1.056946
0.430735
1.121980
1.089086
0.193792
0.173135
0.081758
0.001171
0.114624
0.077892
0.227442
1.172080
0.178373
1.355896
0.054187
0.756674
0.092132
0.004610
0.498638
0.404711
0.208427
1.559863
1.510613
0.140689
0.874746
1.183405
0.241216
0.311946
0.341060
0.794441
0.078500
0.233954
0.233648
0.020025
0.150850
0.593084
0.201686
0.264909
0.596930
0.384803
0.405452
0.032231
0.290693
0.967560
2.762069
0.392177
0.504507
0.089740
0.402334
0.154990
0.635020
1.120493
0.125752
0.554996
0.074774
0.024862
0.429788
0.368678
0.359389
0.036885
0.190974
0.536398
0.294216
0.586842
0.597354
0.610803
0.243380
0.014789
0.061950
0.042962
0.417297
0.557486
0.078189
0.003425
0.375037
0.075862
0.399712
0.089019
0.181971
0.054448
0.280734
0.012274
2.875740
0.527774
0.593209
0.072932
0.602830
0.158278
0.535520
0.119864
0.209625
1.840786
1.024390
0.773849
0.547695
0.420031
0.339136
0.026161
0.454981
0.469572
0.071538
0.089211
0.165026
0.162917
0.093307
0.827169
0.271373
0.637643
1.785485
0.643530
0.868137
0.256665
0.689496
0.859198
0.027491
0.292464
1.566022
0.701221
0.626231
0.475595
1.708099
0.029164
0.444017
0.910916
0.928702
0.146600
0.260932
0.205060
0.181996
0.002028
1.454477
0.288496
0.091635
0.128467
0.630254
0.206014
0.018001
0.072709
0.030057
0.003630
0.980416
1.069245
0.262744
0.467515
0.606698
0.310164
0.025794
0.538208
0.121824
0.722980
0.159349
0.101303
0.860576
0.988227
0.010954
0.546906
0.061404
0.279533
0.000747
0.272942
0.283085
1.468350
0.979798
0.457847
0.095302
0.428510
1.385936
0.117167
0.620516
2.736105
0.121759
0.422186
1.051726
0.490240
0.097764
0.434679
0.045565
0.129307
0.137195
0.180727
2.437175
0.359611
0.333484
0.839662
0.234450
0.355053
0.325583
0.336551
1.379657
0.327016
1.207021
0.230200
0.278447
0.734038
1.732557
0.458839
0.211718
1.183219
0.828937
0.028879
1.161311
0.012962
0.492143
0.756949
0.525569
0.814547
0.223713
0.668870
0.016144
0.459013
0.020880
0.012214
0.060272
0.375003
0.908946
0.334590
0.018355
0.190041
1.902679
1.800599
0.795432
1.095951
0.209031
0.126328
0.536367
0.185828
0.868123
0.001570
0.122052
0.501573
0.030542
0.063110
0.537742
0.578463
1.143984
0.185045
0.336125
0.150050
0.024012
0.368251
0.982876
0.045942
0.394109
1.815531
0.477809
0.241426
0.309376
0.527015
0.600611
0.289135
0.489321
0.342019
0.198323
1.688597
0.634147
2.111868
0.161665
0.390999
2.232282
0.339484
0.096662
0.024461
0.472651
0.899851
0.660804
0.356640
0.077731
0.125987
0.733149
0.105898
0.681189
0.496007
0.163321
0.170749
0.461511
1.122556
0.557788
0.033106
0.394338
0.232168
0.349784
0.093004
1.008221
0.887830
0.072854
0.440415
0.846368
0.265391
0.068523
0.816033
1.175442
0.181098
0.956015
0.362994
0.074543
0.440358
0.013233
0.165981
0.825779
0.793204
0.320614
0.401702
0.276268
0.697191
0.920979
0.013786
0.519368
0.360534
0.047849
0.106381
1.082345
0.451270
0.224227
0.697337
0.276771
0.343557
0.205978
0.137926
1.197514
0.313414
0.023310
0.839783
0.733905
1.140263
0.200014
1.193396
0.330130
0.219886
0.105707
0.172325
0.081941
0.545198
0.928086
0.428622
0.268867
0.577946
0.461740
0.032018
0.110941
0.592293
0.146301
0.043981
0.170253
0.477341
0.904832
0.625322
0.059414
0.095543
1.547827
0.010545
0.510346
0.000152
0.899134
0.263160
1.141754
0.089631
0.190850
0.240114
0.366912
0.354498
0.558729
0.555983
0.094237
0.363476
0.141684
0.443013
0.112725
0.947305
0.524536
0.256108
0.392358
1.168678
0.331831
0.892907
0.365406
0.193809
0.394850
0.497832
0.341862
0.347348
0.526903
0.072467
0.347653
0.332578
0.392790
0.254707
0.524796
0.988247
0.758223
0.093074
0.230469
0.302018
0.919230
0.389447
1.753588
0.045891
0.068939
0.094287
1.384846
0.753740
0.425128
0.327992
0.572773
0.029733
0.188008
0.111842
0.238261
0.981018
0.888794
1.037034
0.223301
0.329225
0.004645
0.987649
1.723405
0.403037
0.150845
0.481262
0.267933
0.020902
0.775400
0.766576
0.340946
0.495587
0.196693
0.312145
0.630369
0.302594
0.505603
0.530476
0.132348
0.117175
0.072480
1.229680
0.155064
0.297422
0.061052
0.518816
0.183926
1.458437
0.367020
0.551282
0.279521
0.376747
0.376726
0.252419
0.043146
0.779596
0.007287
0.344091
0.887851
0.810733
0.165404
0.196503
0.282158
0.466832
0.778742
0.079971
0.031426
0.277175
0.808937
0.173700
0.503203
1.379329
0.116589
1.156909
0.243046
0.194991
0.395738
0.590054
0.156553
0.034599
0.223719
0.597130
0.453343
1.103628
0.049065
0.567866
0.569236
0.057110
0.096989
0.357009
1.205805
0.306227
0.901824
0.208956
0.033535
0.489932
0.336071
0.067216
0.025748
0.171997
0.271730
0.577056
0.129184
0.493427
0.440678
0.474232
1.499700
0.071130
0.182223
0.123597
0.111236
0.548540
1.238964
0.793843
0.406138
0.004799
0.321622
0.134493
0.062493
0.525968
0.685551
0.014107
0.057549
0.435510
0.230541
0.095333
0.115407
0.978737
0.177894
0.148063
0.081172
0.634065
1.414842
0.237039
0.212244
0.374064
2.312958
0.175544
0.538453
0.175222
0.361896
0.978840
1.632198
0.282089
0.531261
0.364837
0.290557
0.068960
0.700763
0.408466
0.756090
0.346525
0.440985
1.095931
0.042467
1.555380
0.031940
0.169516
0.841591
0.224129
0.392463
1.663085
0.041638
0.331615
0.208979
0.277388
0.005815
0.201596
0.639846
0.555720
0.493679
0.135227
0.377224
0.444849
0.551520
0.101760
0.056670
0.057629
0.187694
0.986399
0.549924
0.048558
0.223835
0.145920
1.977469
0.291978
0.116941
0.021831
0.654394
0.011513
0.258743
0.159896
2.165022
0.330714
0.710473
0.199078
1.202225
0.735007
0.539786
0.499242
0.290797
0.169628
1.014485
1.765470
1.047459
0.384656
0.084132
2.069881
0.518569
0.315412
0.932185
0.187428
0.410940
0.115267
0.417037
0.389609
0.522350
0.744206
0.438484
0.237452
0.797355
2.208950
0.527424
0.765927
0.319165
0.264045
0.059566
0.240238
0.099437
0.740452
0.006580
0.485559
0.031080
1.066855
0.448321
1.383796
0.270875
0.687048
1.270804
0.032965
0.120895
0.726787
0.236135
0.746213
1.790588
1.424852
0.190198
0.484265
0.630109
1.153129
3.223560
0.360198
1.096001
0.525153
0.176417
0.223248
0.031171
0.263490
0.676710
0.137736
0.100558
0.702675
0.990711
0.138833
0.505742
0.302742
0.099004
0.028070
0.112273
0.053179
0.063006
0.268842
1.009318
0.341412
0.106024
0.914172
0.287193
0.354112
0.307797
0.083238
0.261997
0.306332
0.549502
0.175599
0.057293
1.663552
0.533978
0.092385
0.233977
0.253695
0.263385
0.405853
0.082823
0.158464
0.800611
0.777889
0.646962
1.908058
0.927565
1.308160
0.041085
1.634608
0.209905
1.459824
0.305116
0.381680
0.769415
1.120863
0.021133
0.140550
0.024113
0.298222
0.607252
0.625672
0.684010
0.834083
0.566576
0.256814
1.958800
0.026543
0.803753
0.246822
0.467738
1.521062
0.541200
0.260397
0.675930
0.244716
0.242204
0.439508
0.188406
0.310713
0.395680
0.534696
0.262859
0.001777
0.105784
0.107983
1.137838
0.132028
0.289271
1.444382
0.571758
0.076825
0.536816
0.278167
1.537765
0.204901
0.881213
1.358642
0.245445
0.494411
0.195446
2.704032
0.434050
2.092110
0.256640
0.193930
0.232442
0.769509
1.183838
0.578776
0.142662
0.301721
0.209677
0.535157
0.304975
0.380943
0.953032
0.218396
0.724690
0.171682
0.177089
0.295826
0.283740
1.567319
1.032892
0.244599
0.173152
0.604749
0.193441
0.570689
0.199969
0.516940
0.563724
1.203363
0.495968
0.040395
0.131581
0.000467
0.993961
0.074067
0.580263
0.058970
0.446726
0.014821
0.731262
0.024270
0.413250
0.483377
0.256477
0.198530
1.205670
0.601196
0.744262
0.210304
0.533571
0.521460
0.655101
1.485151
0.214799
0.026206
0.496226
0.567950
0.594441
0.182263
0.444286
0.196211
0.241513
0.857790
0.196902
0.141252
1.582970
0.006134
0.221083
0.397684
0.021141
0.067169
0.453128
0.462946
0.684012
2.946584
1.340671
0.533114
0.596627
0.611788
3.478387
0.217532
0.218013
0.653340
0.179402
0.606386
0.757850
1.335538
0.240225
0.322926
0.134788
1.757506
0.805631
0.482981
0.781261
0.067268
1.003058
0.689597
0.074291
0.126059
0.176059
0.098903
0.214279
1.116388
0.764604
0.049327
1.103689
0.627320
0.692425
0.441885
0.272920
0.690527
1.403008
0.743708
0.325014
0.137905
0.323774
0.149415
0.094290
0.976555
0.662314
0.262262
0.881353
0.382282
0.013966
0.482233
0.539906
1.117630
0.228668
0.800763
0.061583
0.545077
1.905677
0.312216
0.406647
0.716011
0.408650
0.295852
0.323128
0.184096
0.016982
1.134773
0.029187
1.805021
0.555370
0.382506
0.120395
0.079707
0.787483
0.243765
0.002770
0.374419
0.789990
0.897719
0.031761
0.861769
0.301433
0.639865
0.626935
0.856817
0.367296
0.887405
0.330462
0.344757
0.174721
0.020531
0.150117
0.959672
0.333590
0.664676
0.087959
0.367236
0.499825
0.122960
0.339810
0.180253
0.698550
0.614104
0.298950
0.394468
0.048829
0.303998
0.037769
1.090459
0.170896
0.072110
0.616578
0.677908
0.969632
0.275156
0.412829
0.236194
0.146324
0.023378
1.038401
0.397738
0.044913
0.071949
0.257024
0.425201
1.017715
0.414190
0.048805
0.347943
0.759933
0.441173
0.814935
0.381727
0.173625
0.146568
0.041483
0.244217
0.618314
0.082658
0.159742
3.531157
0.168910
2.011595
0.676249
0.077081
0.259878
0.180815
0.366314
0.538009
0.214729
0.250458
0.116397
0.285508
0.375441
0.470310
0.003918
0.253272
0.094889
0.053127
1.145294
1.540831
0.580763
0.606738
0.334777
1.965186
1.572312
0.419295
0.228466
0.549139
0.636580
0.511177
0.547856
0.003377
0.486903
0.261369
0.081023
0.014041
0.619912
0.552747
0.580363
0.030780
0.032524
1.124168
0.341353
0.447053
0.350630
0.349137
2.230640
0.564893
0.462363
1.091271
0.498499
0.171493
0.445900
0.063393
0.157845
0.395932
0.580390
0.507355
0.120117
0.261122
0.162689
1.057034
0.266828
1.151805
0.168688
0.414072
1.314118
2.892049
0.132043
0.476654
0.029147
0.174829
0.355616
0.400789
1.086209
0.006543
0.027723
1.037926
0.585428
0.535445
0.717314
0.193503
1.474883
0.216839
0.289901
0.123183
1.145719
0.067766
0.968470
0.059637
0.381314
0.071705
2.395071
1.469720
0.017142
0.162898
0.356925
1.628518
0.160772
0.678054
0.429050
0.201434
0.019063
0.044413
1.072700
1.285280
0.051568
1.381640
0.799887
0.775335
0.450962
0.410324
0.057597
0.390290
1.213694
0.397921
0.714024
0.831978
0.562808
0.478659
1.282277
0.117297
0.692508
1.230997
0.084928
0.764813
0.107081
0.548994
0.683013
0.315326
0.262798
0.193504
0.803107
0.295482
0.260362
0.573376
0.230791
0.350494
0.482804
0.091824
0.172514
0.120056
0.650289
0.255918
0.703903
0.509935
1.491950
0.362364
0.298891
0.490351
0.070565
0.233418
0.898068
1.065590
0.169664
2.316509
0.546344
0.327478
0.534624
0.263450
1.481050
0.033888
0.655560
0.688457
0.358451
0.073318
0.281039
1.066214
0.511237
0.025239
0.025238
1.344820
0.152371
0.749951
0.202259
0.009085
0.269104
0.165717
0.381302
1.005617
1.187891
0.547071
0.136688
0.675694
0.395354
0.374272
0.657255
0.118597
0.003754
0.245615
0.484753
1.559175
0.302255
0.216324
0.607709
1.681874
0.334327
0.071584
0.938154
0.068425
0.100823
1.132009
0.030934
0.294666
0.558769
0.249361
0.311166
0.046673
0.561658
2.881532
1.553880
0.435967
0.542401
0.108141
0.195025
0.116917
0.639056
0.027953
0.272079
0.652666
0.292145
0.020619
0.577096
1.132434
0.248471
0.245594
0.988627
1.056867
0.368541
0.616180
0.003569
0.608881
0.463757
0.034732
0.080913
0.162436
0.307908
0.474302
0.228250
0.072282
0.470263
0.194158
0.630197
0.158459
0.363139
0.020117
0.327075
0.135728
0.049251
1.150226
1.700339
0.384264
1.408258
0.526825
0.283223
0.201582
0.020118
0.174079
0.118501
0.411549
0.001206
0.123029
0.153969
0.466812
0.167896
0.267601
1.078180
0.683301
0.013772
0.144346
1.058584
0.506326
0.424970
0.453277
1.194912
0.046526
0.504644
0.245896
0.197697
0.653424
0.170019
0.173528
0.154373
0.129672
1.446333
0.598821
0.410763
2.067893
2.420921
0.737566
0.393663
2.603020
2.272257
0.830310
0.459886
0.160518
0.127077
0.332421
0.009913
0.144906
0.666665
1.147605
1.096155
0.184780
0.341941
0.796526
0.253595
0.070130
0.102386
0.644403
0.983753
0.320680
0.008896
0.067239
0.605108
1.637818
0.868417
0.151978
1.461399
0.846493
0.016964
0.337808
0.831808
0.011498
0.179150
0.265461
0.176439
0.372815
1.139348
0.190607
0.750652
0.502540
0.121819
0.547563
1.431878
0.621658
0.310132
0.208335
0.923977
0.521160
0.033691
0.606399
0.064365
0.043213
0.881481
0.864830
0.023024
0.528333
0.044286
2.367715
0.315949
0.062850
0.329256
0.163534
0.075908
0.765117
0.587049
0.288297
0.184865
0.443955
0.703574
0.045094
0.125816
1.776955
0.696644
0.090411
0.574365
0.120361
0.352789
0.372643
0.987739
0.423544
0.129410
2.011289
0.530854
0.029080
0.816733
0.600555
0.617024
1.101419
0.586174
0.097585
0.003831
0.094818
0.304652
0.080370
1.564685
0.079600
0.441763
0.154170
0.665257
0.209151
0.216604
1.586572
0.187874
0.054526
0.065934
2.784436
0.190819
0.496748
0.368640
0.098350
0.112234
0.692397
0.087567
0.966180
0.820273
1.682008
0.404092
0.361818
0.965217
0.140317
0.589348
0.992236
0.270157
0.080431
0.005547
0.233954
0.175321
0.455292
0.509471
0.015964
1.402945
2.333401
2.280657
0.145692
0.049311
0.060009
0.143146
0.264810
0.678981
0.736021
0.445475
1.440082
0.367159
0.693927
0.802396
0.197480
0.629027
0.218015
0.920394
0.422809
0.455772
0.381386
0.283923
0.007827
0.573196
0.293753
0.246510
1.907983
0.021453
0.014325
0.004726
1.996230
0.009511
3.433638
0.133493
0.059818
0.059422
0.330121
0.371093
0.965063
0.146392
0.060328
0.801590
0.743576
0.997740
0.455419
0.052835
0.433566
1.510170
1.420096
0.081585
0.398490
0.322382
0.438305
0.416025
0.085651
0.014250
1.540260
0.072753
0.036337
2.017337
0.078223
0.026511
0.000575
0.077615
0.168407
0.060466
0.147747
0.733171
0.507827
0.058663
0.011659
0.696149
1.200927
0.797355
0.477968
0.353890
1.138024
0.108701
0.306686
0.912853
0.212283
0.003911
0.188519
1.327889
0.425058
0.318896
1.583296
0.374012
0.466919
0.014173
0.355664
0.696721
0.041468
0.356836
1.129581
0.227498
0.489169
0.082082
0.072386
0.151837
0.151976
0.085886
0.006743
0.094101
1.549011
0.495701
0.567871
0.955854
0.869594
0.073841
0.587318
0.093336
0.078377
0.002596
0.052702
0.632429
0.323819
0.029818
0.140135
0.043694
0.044876
0.700051
0.902295
0.090421
0.152982
0.656559
0.378556
1.093074
1.070308
0.547950
0.080995
0.078047
0.867474
0.088933
0.189953
0.753558
0.784843
2.638360
0.497971
0.478851
0.070889
0.194078
0.772084
0.162361
0.197909
1.088198
2.648426
0.813779
1.445175
0.136832
1.091375
0.015376
2.469715
0.641376
0.108902
0.148145
0.302337
0.648589
0.077789
0.204861
0.249168
0.173808
0.327623
0.121705
0.304932
0.796684
2.601685
0.142818
0.784270
0.490583
1.000098
1.287439
1.467030
0.526631
0.112265
0.159890
0.385827
0.109141
0.040216
0.329078
0.285920
1.669824
0.359212
0.279619
0.581220
0.615838
0.577248
0.076008
0.285372
0.882644
0.324268
0.878257
0.065335
1.583563
0.022187
0.432641
0.702506
0.019322
0.878771
0.395145
0.543884
0.589190
0.317556
0.470614
0.210359
0.556202
1.075114
1.065058
1.009959
1.619845
0.225785
0.180376
1.297637
1.043139
0.656900
0.474216
0.438593
0.268916
0.700556
0.009563
0.140419
0.131245
0.936368
0.228912
0.104585
1.102283
1.463186
1.435677
1.312829
0.743479
0.336343
0.446581
0.313833
1.606794
0.111879
0.829283
0.498507
0.043888
0.586826
0.344930
0.022948
0.027828
0.807732
1.757178
1.329542
0.380077
0.437197
0.360811
1.482042
0.205160
0.380691
0.107366
0.419004
0.238435
0.411154
0.705643
0.156656
0.353616
0.601234
0.109443
0.164901
0.104875
0.773764
0.687375
0.080672
2.199855
0.406737
0.757111
0.037229
0.142144
0.163125
0.061995
0.179471
0.041461
0.045425
0.131705
0.473351
0.553923
0.684442
0.410915
0.003156
0.163273
0.700432
0.426330
0.536276
0.188584
0.200158
1.307584
0.860722
0.014941
0.065870
0.053863
0.123368
1.207642
0.945976
0.229159
1.143243
0.260360
0.079893
1.755461
0.529730
0.277606
0.045369
1.549910
0.352231
0.095331
0.103214
0.062559
0.926769
1.345045
0.566572
0.947263
0.118313
0.282462
0.275244
1.014678
0.684809
0.699635
0.793409
0.418495
0.763153
1.255761
0.552991
0.000658
0.884549
0.365255
0.230200
0.650775
1.290124
0.363501
0.598699
0.430904
1.429667
0.768010
0.380226
0.297392
1.589247
0.634808
0.417270
0.808911
0.526608
0.139795
0.526743
0.989887
0.562739
0.038771
0.655555
0.273484
0.879648
0.373172
2.223539
0.471441
0.294177
0.535598
0.473133
0.160290
0.096634
1.975942
0.001083
0.052671
0.344006
0.602293
0.565958
0.290015
0.331744
0.117943
1.096583
0.292864
1.323880
0.302900
0.140498
0.434198
0.599109
1.132882
0.291945
0.234020
1.767826
0.094827
0.792544
0.801465
0.599756
0.764753
0.263131
0.077402
0.290587
0.010613
0.270376
0.479205
0.000893
0.272237
0.630238
0.345784
0.063938
0.250492
1.401139
0.464416
0.463418
0.879449
0.024745
0.381127
0.165732
0.173542
0.060385
1.966030
0.105054
0.406008
0.218608
0.087393
0.652436
0.080812
1.597796
0.278829
1.348525
0.229629
0.422997
0.233688
0.246535
2.235303
2.295270
0.247998
0.262473
0.612655
1.104755
0.375865
0.052902
0.884726
0.071609
0.609706
0.535507
0.100276
0.135893
1.402284
0.322154
0.216736
1.262014
0.546034
1.191806
0.160125
0.871032
0.506093
0.275191
0.766006
0.033085
0.219925
0.082524
0.503788
0.653227
0.389787
0.488361
0.634832
1.347330
0.016194
0.277047
0.864900
0.410854
0.373071
0.528141
0.591685
0.130945
0.185237
1.041627
0.315919
0.143215
0.215738
0.857764
0.092517
0.007520
0.650819
0.292556
0.915572
0.226664
1.005804
0.488643
0.279761
0.125574
0.747646
0.032758
1.511188
0.190788
0.580571
0.554921
0.143608
0.634240
0.050350
0.037540
0.163600
0.485907
0.644737
1.802567
0.955297
0.017388
0.942898
0.193121
0.166506
0.110786
0.075717
0.300888
0.120189
1.014143
1.127460
0.027460
0.132588
0.716367
0.565221
0.541538
2.050314
0.301586
0.645242
1.364783
0.735147
0.265288
0.464613
0.009995
0.069905
0.603551
0.048323
0.263424
0.194704
0.848337
0.240919
0.095913
0.951520
0.131101
0.341542
0.072006
0.280522
0.504570
0.441289
0.515090
0.350496
0.328314
0.596182
0.667490
0.139029
0.233888
0.253985
0.128212
0.875882
0.065708
0.087735
0.454005
0.382731
0.726386
0.479164
0.547345
0.314632
0.616512
0.038923
0.779272
0.372534
0.305550
1.663608
0.235949
0.582202
0.307214
0.356988
0.062373
0.049644
0.050790
0.714257
0.456180
0.431368
0.305168
0.204181
0.859465
0.887269
0.661275
0.024032
0.534969
0.971378
0.116512
0.146277
0.248439
1.823758
1.020539
0.029307
0.290768
0.432207
0.070680
0.131019
0.054907
0.444665
0.108224
0.327138
0.162146
0.530190
2.327618
0.250635
0.689547
0.045553
0.083957
0.212797
0.546923
0.472610
0.572663
0.332587
0.291558
0.268435
0.380439
0.052022
0.158807
0.674710
0.217287
0.544859
0.626850
0.125881
0.637588
0.084514
0.807909
0.956764
0.243907
1.178367
0.291260
0.434535
0.243435
0.633760
0.133505
0.235755
0.059792
2.023569
0.310898
0.155498
0.199602
0.068537
1.054702
0.005543
0.475844
0.193224
0.277955
0.079296
0.271802
0.599603
1.091356
0.738783
0.224909
0.460423
2.590543
0.043255
0.708031
0.793961
1.369113
0.077372
0.603524
0.236464
0.643720
0.045167
0.050074
1.589317
0.310241
0.116601
1.414137
1.297380
0.322455
0.157377
0.027456
0.218463
0.164986
0.550321
0.561218
0.614657
0.841000
0.049282
0.260500
0.604096
1.003727
0.731218
0.180543
0.983227
0.952584
0.031158
0.533118
0.772100
0.113939
0.220509
0.089171
1.314168
0.292589
0.149634
1.086476
1.178563
0.314286
0.877360
0.887877
1.423117
0.051058
1.077409
0.175430
0.237514
0.400832
1.760526
0.044765
0.227393
0.033227
0.338354
0.034503
1.329370
0.150580
0.230828
0.780351
0.058966
0.281212
0.295033
1.140219
0.502495
0.810573
0.031525
0.412487
0.140731
0.192643
0.297024
0.081629
0.771802
0.160762
1.988895
0.651579
0.232633
1.002533
0.012272
0.693475
0.269584
2.617842
0.903344
0.762052
0.030391
0.198388
0.944786
2.251952
0.442827
0.123350
0.754673
0.599989
0.523197
0.127223
0.453863
0.166165
0.013677
0.535980
0.930564
0.158936
1.895048
0.172949
0.274898
0.721531
0.418938
0.258930
0.338759
1.401761
0.157050
0.363217
0.584895
0.579693
0.357744
0.372611
0.316031
0.422005
0.958274
0.190900
0.409300
0.290304
0.383928
0.206167
0.074970
0.102155
0.413398
0.665526
0.315124
0.445231
0.249996
0.187015
0.989663
0.231709
0.463750
0.167576
0.072321
0.094269
0.583942
0.492809
0.058961
